sim_data/Simulated_table/Simulated_Pull_NIRCam_BT-Settl+PICASO.ecsv
# %ECSV 1.0
# ---
# datatype:
# - {name: StarName, datatype: string}
# - {name: RA, datatype: float64}
# - {name: Dec, datatype: float64}
# - {name: Distance, unit: pc, datatype: float64}
# - {name: Flux Ratio, datatype: float64}
# - {name: AngSep, unit: mas, datatype: float64}
# - {name: ProjAU, unit: AU, datatype: float64}
# - {name: Phase, unit: rad, datatype: float64}
# - {name: SMA, unit: AU, datatype: float64}
# - {name: Ecc, datatype: float64}
# - {name: Inc, unit: deg, datatype: float64}
# - {name: PlanetName, datatype: string}
# - {name: PlanetType, datatype: string}
# - {name: PlanetMass, unit: earthMass, datatype: float64}
# - {name: PlanetRadius, unit: earthRad, datatype: float64}
# - {name: PlanetTeq, unit: K, datatype: float64}
# - {name: PlanetLogg, unit: dex(cm / s2), datatype: float64}
# - {name: StarSpT, datatype: string}
# - {name: StarMass, unit: solMass, datatype: float64}
# - {name: StarTeff, unit: K, datatype: float64}
# - {name: StarRad, unit: solRad, datatype: float64}
# - {name: StarLogg, unit: dex(cm / s2), datatype: float64}
# - {name: StarKmag, datatype: float64}
# - {name: DiscoveryMethod, datatype: string}
# - {name: StarRadialVelocity, unit: km / s, datatype: float64}
# - {name: StarVsini, unit: km / s, datatype: float64}
# - {name: DeltaRadialVelocity, unit: km / s, datatype: float64}
# - {name: alpha, datatype: float64}
# - {name: g_alpha, datatype: float64}
# - {name: StarINSTRUmag(HARMONI), datatype: float64}
# - {name: StarINSTRUmag(ERIS), datatype: float64}
# - {name: StarINSTRUmag(MIRIMRS), datatype: float64}
# - {name: StarINSTRUmag(NIRCam), datatype: float64}
# - {name: StarJmag, datatype: float64}
# - {name: StarHmag, datatype: float64}
# - {name: StarHKmag, datatype: float64}
# - {name: StarCHANNEL1mag, datatype: float64}
# - {name: StarCHANNEL2mag, datatype: float64}
# - {name: PlanetINSTRUmag(HARMONI)(thermal+reflected), datatype: float64}
# - {name: PlanetINSTRUmag(HARMONI)(thermal), datatype: float64}
# - {name: PlanetINSTRUmag(HARMONI)(reflected), datatype: float64}
# - {name: PlanetINSTRUmag(ERIS)(thermal+reflected), datatype: float64}
# - {name: PlanetINSTRUmag(ERIS)(thermal), datatype: float64}
# - {name: PlanetINSTRUmag(ERIS)(reflected), datatype: float64}
# - {name: PlanetINSTRUmag(MIRIMRS)(thermal+reflected), datatype: float64}
# - {name: PlanetINSTRUmag(MIRIMRS)(thermal), datatype: float64}
# - {name: PlanetINSTRUmag(NIRCam)(thermal+reflected), datatype: float64}
# - {name: PlanetINSTRUmag(NIRCam)(thermal), datatype: float64}
# - {name: PlanetINSTRUmag(NIRCam)(reflected), datatype: float64}
# - {name: PlanetJmag(thermal+reflected), datatype: float64}
# - {name: PlanetJmag(thermal), datatype: float64}
# - {name: PlanetJmag(reflected), datatype: float64}
# - {name: PlanetHmag(thermal+reflected), datatype: float64}
# - {name: PlanetHmag(thermal), datatype: float64}
# - {name: PlanetHmag(reflected), datatype: float64}
# - {name: PlanetHKmag(thermal+reflected), datatype: float64}
# - {name: PlanetHKmag(thermal), datatype: float64}
# - {name: PlanetHKmag(reflected), datatype: float64}
# - {name: PlanetKmag(thermal+reflected), datatype: float64}
# - {name: PlanetKmag(thermal), datatype: float64}
# - {name: PlanetKmag(reflected), datatype: float64}
# - {name: PlanetCHANNEL1mag(thermal), datatype: float64}
[...]
#     StarTeff:
#       __class__: astropy.units.quantity.Quantity
#       unit: *id002
#       value: !astropy.table.SerializedColumn {name: StarTeff}
#     StarVsini:
#       __class__: astropy.units.quantity.Quantity
#       unit: !astropy.units.Unit {unit: km / s}
#       value: !astropy.table.SerializedColumn {name: StarVsini}
# schema: astropy-2.0
StarName RA Dec Distance "Flux Ratio" AngSep ProjAU Phase SMA Ecc Inc PlanetName PlanetType PlanetMass PlanetRadius PlanetTeq PlanetLogg StarSpT StarMass StarTeff StarRad StarLogg StarKmag DiscoveryMethod StarRadialVelocity StarVsini DeltaRadialVelocity alpha g_alpha StarINSTRUmag(HARMONI) StarINSTRUmag(ERIS) StarINSTRUmag(MIRIMRS) StarINSTRUmag(NIRCam) StarJmag StarHmag StarHKmag StarCHANNEL1mag StarCHANNEL2mag PlanetINSTRUmag(HARMONI)(thermal+reflected) PlanetINSTRUmag(HARMONI)(thermal) PlanetINSTRUmag(HARMONI)(reflected) PlanetINSTRUmag(ERIS)(thermal+reflected) PlanetINSTRUmag(ERIS)(thermal) PlanetINSTRUmag(ERIS)(reflected) PlanetINSTRUmag(MIRIMRS)(thermal+reflected) PlanetINSTRUmag(MIRIMRS)(thermal) PlanetINSTRUmag(NIRCam)(thermal+reflected) PlanetINSTRUmag(NIRCam)(thermal) PlanetINSTRUmag(NIRCam)(reflected) PlanetJmag(thermal+reflected) PlanetJmag(thermal) PlanetJmag(reflected) PlanetHmag(thermal+reflected) PlanetHmag(thermal) PlanetHmag(reflected) PlanetHKmag(thermal+reflected) PlanetHKmag(thermal) PlanetHKmag(reflected) PlanetKmag(thermal+reflected) PlanetKmag(thermal) PlanetKmag(reflected) PlanetCHANNEL1mag(thermal) PlanetCHANNEL2mag(thermal) SNR_band name_band SNR_INSTRU SNR_J SNR_H SNR_HK SNR_K SNR_CHANNEL1 SNR_CHANNEL2
[from data line 1372]
"HIP 97241 A" 296.4561462402344 32.38665008544922 11.5 2.622873116320955e-10 352.04616200423885 4.442216359720632 1.146615852641338 4.690523271938136 0.06084659727465916 64.17231472731623 "HIP 97241 A" Neptunian 44.495045501444245 4.006077936245776 200.0 3.4340279491409254 M1V 0.48509321661563987 4368.44640044032 0.1145248692566343 6.0060932196379495 6.78 None 4.78186105387303 0.16569121648879914 8.622827054204649 1.9503018496159903 0.15518271849712797 6.868841607436897 7.209971657808567 6.741295051963951 6.771397159504745 7.607281901483755 6.866337571274355 6.859361762632129 6.75133376675634 6.7041616167737 32.23854052767114 33.56010927870534 32.61969381079548 32.644883952826774 34.2601291710607 32.92288083845568 21.193372573248826 21.415149620886535 23.747482820288575 23.747741337273403 32.50846152896362 33.055905855004 35.15911058395734 33.224871073136676 31.865879744514856 32.635124484074055 32.60203705545636 32.218097803785895 33.512864619955685 32.61072374060328 32.549761421999285 38.73211158001007 32.55342171718089 22.75359274384741 20.078827057676804 [7.599647560521129e-07,9.982634298215367e-07,0.0053924084765849135,0.0009729434952916874,0.014814675057532086] "[""F250M"",""F300M"",""F410M"",""F356W"",""F444W""]" 0.014814675057532086 nan nan nan nan nan nan
"HIP 108752" 330.453369140625 16.467077255249023 16.18 7.904306800977937e-09 188.33893003370355 3.2124631924279066 1.2487640755465201 2.4456470798399015 0.3150549056694151 48.47305708969617 "HIP 108752 1" Jovian 610.7418834387427 10.754973394410532 200.0 3.713794105272608 M2V 0.5479885960755841 3763.6701294642344 0.2633973491531243 5.3356163482265195 6.180000000000001 None -19.11929618878635 6.522147416977091 10.572629801627475 1.8100134268751056 0.20881657094631484 6.3306412964947185 6.6878599261881035 5.924778659043842 6.102436252865642 7.102941121607681 6.3581022027046705 6.320426141936812 5.939189682324788 5.87336420450002 28.174603703478112 32.15706293158018 28.20268025981187 28.50155029641742 32.857082823935535 28.52138714315317 19.78815486847078 20.012103273761376 22.3385950003359 22.344694990148245 27.952576019213705 28.82802753601879 33.75606423683219 28.839691342691808 28.148059595310215 31.2320781369489 28.213390328796528 28.163988083406515 32.10981827283052 28.193041009038286 28.076468595878545 37.32906523288491 28.076684732765425 21.35054639672225 18.675780710551642 [4.596628373758047e-06,6.196617079711563e-06,0.0020604788252835855,0.00036204727096327005,0.005000798475215773] "[""F250M"",""F300M"",""F410M"",""F356W"",""F444W""]" 0.005000798475215773 nan nan nan nan nan nan
"HIP 113860" 345.8740234375 -34.74961853027344 29.42 1.5588228734680842e-12 149.04378539756252 6.739249140521646 2.4331573121578622 6.643828444299155 0.2944894545395896 75.21679852555282 "HIP 113860 1" Neptunian 17.034089362300833 2.936434854399862 246.20020974776682 3.286833262531525 A9V 1.4357212880563643 7591.384013837195 1.5026461866376344 4.241424300082167 4.35 None 21.05092041443428 12.970481815653569 13.38774661944734 0.7462439027035587 0.7759300417330326 4.367650309356556 4.417304736062426 4.351812362558366 4.351899738742675 4.464674484864899 4.372078853775685 4.366934919710293 4.351574838532177 4.352502682298283 29.76630081018094 32.85349398411728 29.831434961454942 29.77240229323519 33.296093025590096 29.815538981620676 22.871616676071838 23.367159624155576 24.87416879992109 24.885639985120918 29.812671244493608 29.742745589848862 33.553145017372884 29.775717356243018 29.669161903028588 31.928770384546645 29.813872963573942 29.76348706557209 32.80555964973414 29.831473396246274 29.844993894840645 37.60326127936538 29.84585012121283 24.428101954269938 22.127136545017482 [1.9866527671147936e-07,2.41369637348533e-07,3.646874232601691e-05,7.046053146952313e-06,9.099181818857428e-05] "[""F250M"",""F300M"",""F410M"",""F356W"",""F444W""]" 9.099181818857428e-05 nan nan nan nan nan nan
"HIP 56528" 173.86248779296875 -32.537899017333984 8.88 2.111095834350475e-12 3454.755362255305 30.796782184078637 1.6585693153803829 27.96752953665069 0.15050557713332588 97.10777938060166 "HIP 56528 5" Neptunian 58.80583208353879 3.930598093204798 200.0 3.5716582031748763 M2V 0.5261269937942719 3808.609875061861 0.20784327388179255 5.523686262545541 5.62 None 20.34721631462756 5.433692106436469 4.054467801937298 1.4836995782359486 0.36300825864564873 5.770641296494718 6.127859926188103 5.364778659043841 5.542436252865642 6.54294112160768 5.79810220270467 5.7604261419368115 5.379189682324787 5.3133642045000204 32.79250800450945 33.039988680277766 34.51935649767169 33.403188283997395 33.74000857263312 34.838063381012994 20.673347124621998 20.895029022458967 23.227660525374844 23.227620738845832 34.26925225707352 34.11457328355846 34.638989985529776 35.15636758055163 32.00352009682534 32.11500388564649 34.530066566656345 32.75282336079975 32.99274402152811 34.509717246898106 34.36159921652683 38.2119909815825 34.393360970625245 22.233472145419842 19.55870645924923 [9.963055049013693e-06,8.179608523283947e-06,0.2564669349776763,0.06089075175890938,0.7208305392170514] "[""F250M"",""F300M"",""F410M"",""F356W"",""F444W""]" 0.7208305392170514 nan nan nan nan nan nan
"HIP 12749" 40.970218658447266 -8.827540397644043 27.46 8.304043278292207e-13 326.2464434374463 9.779178674343479 1.9833442414766158 9.634351574675684 0.434222524915089 83.20739409074612 "HIP 12749 9" Terran 0.7641912064475217 0.9540310745483022 200.0 2.9152320765024617 M2V 0.5523078112729756 3839.195017835037 0.2404784551721707 5.418096466075294 7.91 None 14.123234427929724 8.285365676231788 7.081319723531663 1.1613184129317142 0.5429527261925904 8.060641296494719 8.417859926188102 7.65477865904384 7.83243625286564 8.83294112160768 8.08810220270467 8.050426141936812 7.669189682324787 7.60336420450002 36.87554361239887 38.565907108024994 37.13256523376158 37.26423884969153 39.26592700038036 37.45127211710288 26.19905685611161 26.420947450206196 28.753012695973293 28.753539166593065 36.88246099316341 37.656151261401426 40.164908413277004 37.76957631664152 36.611257905934416 37.64092231339372 37.14327530274624 36.85786836942972 38.51866244927535 37.122925982987994 37.00436805795631 43.73790940932973 37.00656970671513 27.75939057316707 25.084624886996462 [1.7392364249443915e-08,2.3984868840687447e-08,6.783018370930557e-05,1.2723139307898227e-05,0.00019138309002876195] "[""F250M"",""F300M"",""F410M"",""F356W"",""F444W""]" 0.00019138309002876195 nan nan nan nan nan nan
"HIP 116003" 352.55517578125 -20.390464782714844 16.2 8.308385249120248e-12 295.56348076343664 5.1765060282669735 1.9606280726385734 4.588034021057683 0.4840501837535478 28.595048403978335 "HIP 116003 5" Terran 1.1113821421242684 1.5427077392730721 200.0 2.660451179658924 M2V 0.518674746687544 3793.5064935064934 0.2119772911722654 5.5003840546850205 6.33 None 0.8091088022353006 4.887168658644732 4.793093926547193 1.3878883917828386 0.41453489640022506 6.480641296494718 6.837859926188102 6.07477865904384 6.252436252865641 7.25294112160768 6.50810220270467 6.470426141936811 6.089189682324787 6.02336420450002 33.13471402526728 36.37637382853484 33.19098254650611 33.46978354171807 37.076393720890195 33.50968942984742 24.00862320035054 24.231414170716036 26.561038553545238 26.564005887102905 32.94087830590795 33.80444028761222 37.97537513378684 33.82799362938606 33.072916311003475 35.45138903390356 33.20169261549077 33.123143949327606 36.32912916978518 33.18134329573253 33.0645482050201 41.54837612983957 33.06498701945967 25.56985729367691 22.8950916075063 [2.2893437689854207e-07,3.239835677778916e-07,0.0001922484238854802,3.3936989212478934e-05,0.0005323389421706115] "[""F250M"",""F300M"",""F410M"",""F356W"",""F444W""]" 0.0005323389421706115 nan nan nan nan nan nan
"HIP 27887" 88.5179214477539 -60.0233268737793 13.0 1.7369656043388803e-14 262.29101940946805 17.005093035501908 2.9397086633868317 23.194851555472955 0.4820367247856027 95.75493649823451 "HIP 27887 7" Neptunian 18.078515983246714 3.069433001268907 200.0 3.2742015431764244 K3V 0.8012464139740716 4891.572509518791 0.6221603757131 4.7540290297017656 4.79 None 1.0358362618028707 19.36727774015273 5.508085167362835 0.2251851051951032 0.9759582278480334 4.861724289665565 5.14651079321305 4.758917347578547 4.775083380446976 5.46211222582956 4.860038102465776 4.854103798916895 4.766730007075254 4.729821468868535 32.46588701908123 34.40464301777937 32.665169420249654 32.77378431336872 35.104662910134735 32.908704694469755 22.03778937331856 22.259683359960572 24.591653832915625 24.59227507634744 32.56479196081755 33.05815630831519 36.00364432303138 33.132689635228786 32.23335694627747 33.4796582231481 32.64779313139807 32.45196578123151 34.35739835902972 32.65808744065532 32.61472847792431 39.57664531908411 32.61651214694111 23.598126482921447 20.92336079675084 [1.2430966730439668e-07,1.6031846962961807e-07,0.0004863263776327571,7.667920279330978e-05,0.0013118377566951674] "[""F250M"",""F300M"",""F410M"",""F356W"",""F444W""]" 0.0013118377566951674 nan nan nan nan nan nan
"HIP 66459" 204.36891174316406 35.71790313720703 10.94 1.5645446600505566e-11 1790.2087507594133 21.088674701681132 1.9507225139335462 17.517302676112504 0.4453216159731195 46.4737280395757 "HIP 66459 6" Neptunian 72.82941800294861 10.434135864930592 200.0 2.816548946465615 M9V 0.6141963439121844 3966.828688903021 0.333415985573864 5.1804020178850845 5.49 None -29.30023733417724 0.8502318205636428 4.044488218051938 1.2985565498713239 0.4643326137910683 5.618628355528179 5.978937888647246 5.3159084966883 5.437970869324986 6.400864702513528 5.634324347101116 5.60831171184226 5.3291882152419126 5.267864079527094 30.396325108523815 31.373021219750218 30.963220446515372 30.857004721001378 32.07304111210557 31.28580005520967 19.00631570964626 19.228061561931415 21.560508668861512 21.560653278318284 30.764158775119903 31.338370266964965 32.972022525002224 31.611054084712997 29.922714566434728 30.44803642511894 30.963052725427378 30.37115575003034 31.32577656100056 30.9534498198995 30.85227151498551 36.545023521054944 30.8580229112236 20.56650468489229 17.89173899872168 [9.185799388305524e-05,0.0001001153014606274,0.46221589437436744,0.1126790746578343,1.1588384617654885] "[""F250M"",""F300M"",""F410M"",""F356W"",""F444W""]" 1.1588384617654885 nan nan nan nan nan nan
"HIP 55360" 170.03762817382812 65.84603881835938 8.92 7.558332678387956e-12 599.661986848856 6.866311419428374 2.248493448639394 14.751356423315245 0.5346645961877893 57.742312246811274 "HIP 55360 2" Neptunian 17.62123465598873 2.862803013140323 200.0 3.3236084852554146 M1V 0.5376781718469994 3934.098141087187 0.2463374616631989 5.3855291090440645 5.530000000000001 None 4.933386693273903 15.53145129469489 4.808986458797337 1.011928000489887 0.6293182167604412 5.65862835552818 6.018937888647247 5.355908496688301 5.477970869324987 6.4408647025135295 5.674324347101117 5.648311711842261 5.3691882152419135 5.307864079527094 32.625558145408846 33.7380839907121 33.10826638149342 33.06905656151849 34.438103883067456 33.43084599018772 21.371360673755326 21.5931243328933 23.92552068569996 23.92571604928017 32.909204710097946 33.528574209288564 35.33708529596411 33.75610001969104 32.19803551969859 32.81309919608083 33.108098660405425 32.602188306034215 33.690839331962444 33.09849575487755 32.99837015110913 38.910086292016835 33.00306884620164 22.931567455854175 20.25680176968357 [1.6914076064894439e-06,1.6419565018546412e-06,0.013975929095234695,0.0020972609629885948,0.038860517646930104] "[""F250M"",""F300M"",""F410M"",""F356W"",""F444W""]" 0.038860517646930104 nan nan nan nan nan nan
"HIP 102119" 310.4242858886719 -22.321056365966797 23.83 9.750459105756494e-12 857.50736498404 22.053007409438838 1.185278414914497 14.541525267130444 0.6437427115917014 101.07053461552687 "HIP 102119 3" Neptunian 46.78784095856408 3.957191519057949 200.0 3.4665139476659736 K5V 0.6872025269183222 4348.347922793503 0.4067536490673009 5.056489459541384 6.76 None -10.835834609842678 4.003984697691328 6.355024287550132 1.9487739246325342 0.15572139143202188 6.8488416074368965 7.189971657808567 6.721295051963953 6.751397159504745 7.587281901483754 6.846337571274354 6.839361762632129 6.7313337667563395 6.684161616773699 34.37072501664064 35.16890191058667 35.079536468582916 34.846256794713376 35.86892180294203 35.382723496243116 22.802225227465783 23.02394225276787 25.356460112129312 25.356533969154743 34.968304186751055 35.343908669312185 36.76790321583868 35.684713730924116 33.82505026240412 34.2439171159554 35.06187971324379 34.34323634462614 35.12165725183702 35.07056639839071 35.00526478944551 40.340904211891406 35.01326437496833 24.362385375728746 21.687619689558137 [6.848323916712897e-07,1.0266346668591589e-06,0.01143110754375263,0.0024802408676517468,0.029596041786702824] "[""F250M"",""F300M"",""F410M"",""F356W"",""F444W""]" 0.029596041786702824 nan nan nan nan nan nan
"HIP 28954" 91.66896057128906 15.542357444763184 15.27 3.4791474858100645e-11 1197.9552453653025 20.84819330599994 1.070472836297496 17.563149273275773 0.36969879105209846 34.40189152791 "HIP 28954 3" Neptunian 119.24447241156179 6.635016381719535 200.0 3.4239093394471203 K0V 0.9181781613665347 5250.7063834266155 0.769590250544801 4.62847547175092 4.82 None 11.091485102288644 19.247744134763092 3.8484345225734953 1.8452624180425792 0.19455791066318925 4.877046614926273 5.114798561016647 4.798828448334197 4.806707146162285 5.368062663670568 4.875542788635802 4.871008459356512 4.804695368771687 4.776807576492184 31.768305022621707 33.080202234999696 32.153551699758935 32.09017028485928 33.78022212735506 32.347275161874116 20.71347010295718 20.935242577180894 23.267588195090305 23.267834293567763 32.06946659148666 32.37365508930019 34.679203540251706 32.511971796402804 31.392962323521925 32.15521744036842 32.135942728253234 31.750191669818754 33.03295757625004 32.14808764518209 32.11614351287587 38.252204536304426 32.11996351572801 22.27368570014177 19.59892001397116 [1.1230479231364945e-05,7.411641610892123e-06,0.0507519147906353,0.006459511730057559,0.15191402956351152] "[""F250M"",""F300M"",""F410M"",""F356W"",""F444W""]" 0.15191402956351152 nan nan nan nan nan nan
"HIP 103388" 314.1942443847656 -10.445807456970215 15.32 8.628459326033178e-11 195.64751939704266 3.0618895004490096 1.3650651376320049 3.5837759643611053 0.18191251534639855 141.5754673088044 "HIP 103388 1" Terran 1.6355494913477429 1.2038145492675874 200.0 3.04369959648886 M4V 0.4915349226359668 3778.5271011150085 0.16806205491992893 5.678682667530518 6.99 None -22.464791792226137 3.5029863526748506 6.8553794006892765 1.6980983464245432 0.2573994500286201 7.140641296494719 7.497859926188103 6.73477865904384 6.912436252865641 7.91294112160768 7.16810220270467 7.1304261419368125 6.749189682324788 6.68336420450002 34.25986098413007 36.79371293407555 34.370557716300816 34.610191909155816 37.49373282643091 34.68926459964212 24.426529336537698 24.64875327625675 26.979914439385514 26.981344992643614 34.12045347570265 34.96055456484919 38.39271423932755 35.00756879918076 34.135431695777044 35.86872813944427 34.38126778528547 34.24651909261344 36.746468275325896 34.360918465527234 34.243676898290744 41.96571523538027 34.24456218925437 25.987196399217616 23.31243071304701 [2.2829487028088676e-08,3.040092809871938e-08,4.108435944207205e-05,7.163319258689647e-06,0.00010085564996246587] "[""F250M"",""F300M"",""F410M"",""F356W"",""F444W""]" 0.00010085564996246587 nan nan nan nan nan nan
