sim_data/Simulated_table/Simulated_Pull_MIRIMRS_without_systematics_BT-Settl.ecsv
# %ECSV 1.0
# ---
# datatype:
# - {name: StarName, datatype: string}
# - {name: RA, datatype: float64}
# - {name: Dec, datatype: float64}
# - {name: Distance, unit: pc, datatype: float64}
# - {name: Flux Ratio, datatype: float64}
# - {name: AngSep, unit: mas, datatype: float64}
# - {name: ProjAU, unit: AU, datatype: float64}
# - {name: Phase, unit: rad, datatype: float64}
# - {name: SMA, unit: AU, datatype: float64}
# - {name: Ecc, datatype: float64}
# - {name: Inc, unit: deg, datatype: float64}
# - {name: PlanetName, datatype: string}
# - {name: PlanetType, datatype: string}
# - {name: PlanetMass, unit: earthMass, datatype: float64}
# - {name: PlanetRadius, unit: earthRad, datatype: float64}
# - {name: PlanetTeq, unit: K, datatype: float64}
# - {name: PlanetLogg, unit: dex(cm / s2), datatype: float64}
# - {name: StarSpT, datatype: string}
# - {name: StarMass, unit: solMass, datatype: float64}
# - {name: StarTeff, unit: K, datatype: float64}
# - {name: StarRad, unit: solRad, datatype: float64}
# - {name: StarLogg, unit: dex(cm / s2), datatype: float64}
# - {name: StarKmag, datatype: float64}
# - {name: DiscoveryMethod, datatype: string}
# - {name: StarRadialVelocity, unit: km / s, datatype: float64}
# - {name: StarVsini, unit: km / s, datatype: float64}
# - {name: DeltaRadialVelocity, unit: km / s, datatype: float64}
# - {name: alpha, datatype: float64}
# - {name: g_alpha, datatype: float64}
# - {name: StarINSTRUmag(HARMONI), datatype: float64}
# - {name: StarINSTRUmag(ERIS), datatype: float64}
# - {name: StarINSTRUmag(MIRIMRS), datatype: float64}
# - {name: StarINSTRUmag(NIRCam), datatype: float64}
# - {name: StarJmag, datatype: float64}
# - {name: StarHmag, datatype: float64}
# - {name: StarHKmag, datatype: float64}
# - {name: StarCHANNEL1mag, datatype: float64}
# - {name: StarCHANNEL2mag, datatype: float64}
# - {name: PlanetINSTRUmag(HARMONI)(thermal+reflected), datatype: float64}
# - {name: PlanetINSTRUmag(HARMONI)(thermal), datatype: float64}
# - {name: PlanetINSTRUmag(HARMONI)(reflected), datatype: float64}
# - {name: PlanetINSTRUmag(ERIS)(thermal+reflected), datatype: float64}
# - {name: PlanetINSTRUmag(ERIS)(thermal), datatype: float64}
# - {name: PlanetINSTRUmag(ERIS)(reflected), datatype: float64}
# - {name: PlanetINSTRUmag(MIRIMRS)(thermal+reflected), datatype: float64}
# - {name: PlanetINSTRUmag(MIRIMRS)(thermal), datatype: float64}
# - {name: PlanetINSTRUmag(NIRCam)(thermal+reflected), datatype: float64}
# - {name: PlanetINSTRUmag(NIRCam)(thermal), datatype: float64}
# - {name: PlanetINSTRUmag(NIRCam)(reflected), datatype: float64}
# - {name: PlanetJmag(thermal+reflected), datatype: float64}
# - {name: PlanetJmag(thermal), datatype: float64}
# - {name: PlanetJmag(reflected), datatype: float64}
# - {name: PlanetHmag(thermal+reflected), datatype: float64}
# - {name: PlanetHmag(thermal), datatype: float64}
# - {name: PlanetHmag(reflected), datatype: float64}
# - {name: PlanetHKmag(thermal+reflected), datatype: float64}
# - {name: PlanetHKmag(thermal), datatype: float64}
# - {name: PlanetHKmag(reflected), datatype: float64}
# - {name: PlanetKmag(thermal+reflected), datatype: float64}
# - {name: PlanetKmag(thermal), datatype: float64}
# - {name: PlanetKmag(reflected), datatype: float64}
# - {name: PlanetCHANNEL1mag(thermal), datatype: float64}
[...]
#     StarTeff:
#       __class__: astropy.units.quantity.Quantity
#       unit: *id002
#       value: !astropy.table.SerializedColumn {name: StarTeff}
#     StarVsini:
#       __class__: astropy.units.quantity.Quantity
#       unit: !astropy.units.Unit {unit: km / s}
#       value: !astropy.table.SerializedColumn {name: StarVsini}
# schema: astropy-2.0
StarName RA Dec Distance "Flux Ratio" AngSep ProjAU Phase SMA Ecc Inc PlanetName PlanetType PlanetMass PlanetRadius PlanetTeq PlanetLogg StarSpT StarMass StarTeff StarRad StarLogg StarKmag DiscoveryMethod StarRadialVelocity StarVsini DeltaRadialVelocity alpha g_alpha StarINSTRUmag(HARMONI) StarINSTRUmag(ERIS) StarINSTRUmag(MIRIMRS) StarINSTRUmag(NIRCam) StarJmag StarHmag StarHKmag StarCHANNEL1mag StarCHANNEL2mag PlanetINSTRUmag(HARMONI)(thermal+reflected) PlanetINSTRUmag(HARMONI)(thermal) PlanetINSTRUmag(HARMONI)(reflected) PlanetINSTRUmag(ERIS)(thermal+reflected) PlanetINSTRUmag(ERIS)(thermal) PlanetINSTRUmag(ERIS)(reflected) PlanetINSTRUmag(MIRIMRS)(thermal+reflected) PlanetINSTRUmag(MIRIMRS)(thermal) PlanetINSTRUmag(NIRCam)(thermal+reflected) PlanetINSTRUmag(NIRCam)(thermal) PlanetINSTRUmag(NIRCam)(reflected) PlanetJmag(thermal+reflected) PlanetJmag(thermal) PlanetJmag(reflected) PlanetHmag(thermal+reflected) PlanetHmag(thermal) PlanetHmag(reflected) PlanetHKmag(thermal+reflected) PlanetHKmag(thermal) PlanetHKmag(reflected) PlanetKmag(thermal+reflected) PlanetKmag(thermal) PlanetKmag(reflected) PlanetCHANNEL1mag(thermal) PlanetCHANNEL2mag(thermal) SNR_band name_band SNR_INSTRU SNR_J SNR_H SNR_HK SNR_K SNR_CHANNEL1 SNR_CHANNEL2
[from data line 516]
"HIP 49127" 150.40602111816406 -15.424857139587402 26.93 6.699977610792802e-12 818.701719679818 22.70457438582468 1.3296542694107063 26.88082520835029 0.18003460764640689 49.58957315152907 "HIP 49127 13" Neptunian 26.383197824607016 3.424093599659852 200.0 3.3433912600956925 K3V 0.7735092674700101 4695.226277390441 0.707586089280367 4.62697457597973 6.210000000000001 None -27.65296675479004 13.647212787504257 3.8472578665775967 1.7536497467528238 0.23266881285858879 6.289788958812949 6.602590474103776 6.176144418568828 6.197085102940184 6.957827837241086 6.287639139930001 6.281252532034783 6.185114268038677 6.142856131709681 34.988136514433826 35.748670674762494 35.73281025411574 35.45237364199745 36.44869056711786 36.00601868030367 23.381997685568923 23.603746312855243 25.936158306923392 25.936302733330564 35.62642480013217 35.92610123582749 37.3476719800145 36.26780142570344 34.42784305351415 34.82368588013122 35.715261705446956 34.96047279354198 35.70142601601284 35.72479529649381 35.66717332232528 40.92067297606722 35.67580409084261 24.942173452395792 22.2674135683795 [0.0018722514758796505,2.381342651632521e-05,0.00036352561982504796,0.00263015673880169,0.002775442485649096,0.0007970467539276138] "[""1SHORT"",""1MEDIUM"",""1LONG"",""2SHORT"",""2MEDIUM"",""2LONG""]" 0.002775442485649096 nan nan nan nan 0.0018722514758796505 0.002775442485649096
"HIP 28153 A" 89.23372650146484 -46.93278884887695 23.57 6.633383698427631e-11 712.2049798161178 19.949022810192286 1.00001368518954 21.760024090926702 0.08393648991060951 36.56348877979281 "HIP 28153 A" Jovian 220.69413919596468 8.753754123816368 200.0 3.4505571941551825 M5V 0.6215069768298999 3870.2956395244883 0.374737614935716 5.084059058871129 6.78 None 9.73242154069856 12.181057024456814 3.0002337840722064 1.8984879417690808 0.17401499283828545 6.930641296494718 7.287859926188103 6.52477865904384 6.70243625286564 7.70294112160768 6.95810220270467 6.920426141936812 6.539189682324787 6.47336420450002 32.98757610547511 33.421043239927016 34.19402889978703 33.54675772630217 34.12106313228237 34.512735783128335 21.054387641445214 21.276118878019762 23.608595570906257 23.60867529849508 33.943924659188866 34.16885972659283 35.020044545179026 34.83103998266697 32.291551138902214 32.496058445295745 34.204738968771686 32.95256674539299 33.37379858117736 34.184389649013454 34.0513463913408 38.593045541231746 34.06803337274059 22.614546017560308 19.93978613354402 [0.015093024027987598,0.00018573623671115557,0.0027351836847342194,0.02027133129790105,0.022040391714338626,0.006493624686456496] "[""1SHORT"",""1MEDIUM"",""1LONG"",""2SHORT"",""2MEDIUM"",""2LONG""]" 0.022040391714338626 nan nan nan nan 0.015093024027987598 0.022040391714338626
"HIP 61291" 188.38442993164062 -68.75505065917969 16.18 8.247805456708208e-11 371.04217150661736 6.018830994895475 1.4993188227788732 4.54126501166885 0.3284403527188386 66.87628430753342 "HIP 61291 18" Neptunian 17.026799528795305 3.2554545492378173 200.0 3.197064831980097 K1V 0.8801695701579794 5134.371181493917 0.71262323792966 4.676914016747537 5.08 None 9.389608161214355 9.122766520210572 12.059444841035535 1.6365226110752424 0.2861571982477906 5.1370466149262715 5.374798561016646 5.058828448334195 5.066707146162286 5.628062663670569 5.135542788635802 5.1310084593565115 5.064695368771686 5.0368075764921825 30.580154089146212 34.75205145163672 30.603686332069806 30.78258829860704 35.452071343992074 30.797409794184986 22.383368503417728 22.607127089729463 24.93333769452809 24.93968351020478 30.51960122379753 30.95454450093313 36.35105275688873 30.96210642871368 30.53254960082044 33.827066657005446 30.586077360564104 30.57377714951317 34.70480679288706 30.598222277492965 30.569901312864015 39.92405375294145 30.57009814803888 23.94555422927001 21.27079434525372 [0.0005156452123536993,6.740525384614149e-06,0.00010332044361653613,0.0009368209815271532,0.0011025592609927829,0.000352371114018297] "[""1SHORT"",""1MEDIUM"",""1LONG"",""2SHORT"",""2MEDIUM"",""2LONG""]" 0.0011025592609927829 nan nan nan nan 0.0005156452123536993 0.0011025592609927829
"HIP 33817" 105.30669403076172 -25.948816299438477 14.65 6.884209823771259e-11 555.3490411534895 16.78464638177047 0.5060436762221512 17.593495323659493 0.05323315965626121 61.45547521568184 "HIP 33817 17" Neptunian 115.78569006246988 7.207473223028239 200.0 3.3392438951005428 K1V 0.8334023645768684 5023.375177795588 0.8292822719081169 4.521517593044086 4.620000000000001 None -17.861361017305555 7.377852759622019 5.695739185685112 2.4470548073972846 0.03386261812943041 4.683321967774068 4.944724859686182 4.596249188315778 4.607342931773688 5.228837655971744 4.680994660933723 4.676492586778272 4.603031979941901 4.570868142114327 32.408529719382585 32.81048998256598 33.68216935626509 32.935704248380866 33.51050987492134 33.90096519297905 20.443843438760855 20.66556562065873 22.998059242113598 22.998122041134046 33.5925192675318 33.48831437203569 34.409491287817985 34.09498420028794 31.69266537027706 31.8855051879347 33.663977562260605 32.373797943055024 32.76324532381632 33.67589616994155 33.622355862552816 37.982492283870705 33.64210800417479 22.003992760199267 19.32923287618298 [0.006095535867022795,7.727573408929153e-05,0.0011602359547589986,0.008272541819870341,0.009404718586315948,0.002882186034943347] "[""1SHORT"",""1MEDIUM"",""1LONG"",""2SHORT"",""2MEDIUM"",""2LONG""]" 0.009404718586315948 nan nan nan nan 0.006095535867022795 0.009404718586315948
"HIP 8102" 26.021364212036133 -15.939556121826172 3.65 7.091871827103044e-12 6848.440670092674 25.38662470289968 1.3953275782964971 17.313109610328475 0.560403554005149 40.638367183489436 "HIP 8102 7" Neptunian 63.932318502292716 4.0695179467668545 200.0 3.577789600186153 G8V 0.8644600485160521 5501.092963336511 0.7520572169342558 4.6223107877928316 1.6800000000000002 None -4.0362950925300325 8.71840592743945 4.33506562424606 1.6847369012784998 0.26352230846399555 1.724651020410256 1.9218641888288208 1.6666399128669172 1.6680169571389436 2.125057249326311 1.7237546143365323 1.7200276809691193 1.670726331874771 1.6511699916855747 29.422915569713467 31.033966528926097 29.702139443611717 29.676095148389663 31.733986421281454 29.85288003946241 18.66718841309757 18.889042167018843 21.221129155915598 21.221598587494164 29.631743910318306 29.88045376675379 32.6329678341781 29.970098394032018 29.123691060552275 30.10898173429482 29.68473291415801 29.40895086148846 30.986721870176442 29.69813141755573 29.678668994817095 36.20596883023082 29.681331784311602 20.227469306559385 17.5527094225431 [0.04935484583208116,0.0007171772125769592,0.00964885732450883,0.10438122526793331,0.13053163204265905,0.04425708677263481] "[""1SHORT"",""1MEDIUM"",""1LONG"",""2SHORT"",""2MEDIUM"",""2LONG""]" 0.13053163204265905 nan nan nan nan 0.04935484583208116 0.13053163204265905
"HIP 12351 A" 39.75497817993164 -58.18722152709961 16.84 3.233597763259082e-10 486.6710105568262 8.961044331602457 1.1544537566890993 9.47841470217718 0.35512648778436534 68.57129110206243 "HIP 12351 A" Jovian 144.53812038696873 9.81426655180948 200.0 3.1674217865343115 M0V 0.5974106100431575 3950.392766032684 0.4129690642962472 4.982505519383625 5.750000000000001 None -28.929484761826917 17.74083466634573 6.963215469630223 1.9567705938877096 0.15291343538098007 5.878628355528179 6.2389378886472455 5.5759084966882995 5.697970869324987 6.660864702513528 5.894324347101117 5.86831171184226 5.589188215241912 5.5278640795270935 30.921458955866598 32.44263823746153 31.228514857140695 31.32556070175982 33.14265812981689 31.551094465834993 20.075845720835495 20.29771387555428 22.629796101737796 22.630270296029597 31.029453185745226 31.737799471782132 34.04163954271354 31.87634849533832 30.61081756907918 31.51765344283025 31.2283471360527 30.902336354239015 32.395393578711875 31.218744230524823 31.12057166798173 37.61464053876626 31.123317321848923 21.63614101509482 18.961381131078532 [0.009860964267247257,0.00012204666039663715,0.0018835440089000266,0.012965790867443386,0.015067139149239265,0.004708401144229967] "[""1SHORT"",""1MEDIUM"",""1LONG"",""2SHORT"",""2MEDIUM"",""2LONG""]" 0.015067139149239265 nan nan nan nan 0.009860964267247257 0.015067139149239265
"HIP 11000" 35.434349060058594 -6.879655838012695 26.32 1.0550536294116428e-10 789.593592459178 20.783416223653493 1.5820364140614416 15.945459075418336 0.31703909636702626 11.071325892486048 "HIP 11000 7" Jovian 3594.0 16.513986232573295 200.0 4.111029318341341 K4V 0.7807444758591511 4558.520175773521 0.6046361503228731 4.76758832845812 6.470000000000001 None -21.893316633579808 1.836587896382691 1.27432956345775 1.5686379270891535 0.31938982665128485 6.5497889588129485 6.862590474103776 6.436144418568829 6.457085102940185 7.217827837241087 6.547639139930002 6.5412525320347825 6.445114268038678 6.402856131709681 30.78376280450548 32.282386880776 31.0982936924551 31.149569970582384 32.98240677313136 31.371502118643022 19.915623530248524 20.137462518868748 22.46959540962358 22.47001893934407 30.991908238471524 31.504330265865374 33.881388186028005 31.63328486404279 30.45771047698355 31.357402086144724 31.080745143786316 30.76574708136946 32.23514222202635 31.090278734833166 31.03833704406586 37.45438918208073 31.041287529181968 21.475889658409294 18.801129774393004 [0.04832058279531616,0.0006202328769301535,0.009370124645415432,0.07098182454709817,0.07500757088205846,0.021522000967024186] "[""1SHORT"",""1MEDIUM"",""1LONG"",""2SHORT"",""2MEDIUM"",""2LONG""]" 0.07500757088205846 nan nan nan nan 0.04832058279531616 0.07500757088205846
"HIP 86214" 264.2676696777344 -44.31693649291992 5.05 4.91881301811369e-12 494.0840681935131 3.651073698385823 2.389190068847317 3.100226243319138 0.21472942158661149 132.6716611747394 "HIP 86214 2" Terran 0.27609198325210593 1.0029727139075848 200.0 2.4296306421774254 M4V 0.39618621164564244 3567.709122237435 0.08005131816080996 6.229230008940411 5.609999999999999 None -26.872512978509523 6.79910555357115 7.828553787536842 1.0041938983650922 0.6337606872235448 5.778456443627392 6.13049540856196 5.287666211686036 5.518236916928671 6.535487983892454 5.810119559645139 5.76828762288248 5.302795785709652 5.234494218035811 32.02350553303242 34.780228347117664 32.1127886745187 32.36201136948004 35.48024823947302 32.425255016268835 22.412844981866776 22.63530398521041 24.96590246776572 24.96786040568573 31.826694795571008 32.69622027338496 36.379229652369666 32.733367711986894 31.925451466216288 33.855243552486385 32.12654881929311 32.010925422866656 34.73298368836801 32.10323175498434 31.970428920589875 39.95223064842239 31.97112577650781 23.973731124750955 21.298971240734662 [0.0009985890964983827,1.2276107757174053e-05,0.00019361023970006826,0.0016619577473317604,0.0018897710054804223,0.0005739028135329119] "[""1SHORT"",""1MEDIUM"",""1LONG"",""2SHORT"",""2MEDIUM"",""2LONG""]" 0.0018897710054804223 nan nan nan nan 0.0009985890964983827 0.0018897710054804223
"HIP 80331" 245.99794006347656 61.514076232910156 28.23 8.41139259418369e-12 833.8003200407115 24.004577598748682 1.3733493923274631 20.124424723058176 0.5451046513367778 66.78181551263201 "HIP 80331 5" Neptunian 94.33955148017392 4.153225569310471 240.2536481984592 3.7290778509399756 G8III 2.505822544038819 4969.761180642741 10.113368372478035 2.827226286610444 0.5899999999999999 None 11.788275998306851 16.898976047223524 9.659428771770532 1.7520664565515476 0.2333571355267069 0.6529792107246847 0.9145858316186686 0.5600764113753713 0.5801577367011307 1.1991403866181416 0.6511187999526457 0.6457088584666176 0.5699362803728605 0.5236134312735587 29.00465902916544 32.01100928921392 29.074994662845274 29.228247062401795 32.45360833068674 29.285389420976642 22.029390952800895 22.524707861778943 24.031913329338646 24.043155290217555 28.99973508551009 29.41359506644167 32.71066032246952 29.466994207963285 28.897039687357974 31.086285689643283 29.052164608612813 28.995346935598967 31.96307495483078 29.068317115155253 29.042179959913458 36.76077658446202 29.043068062793864 23.585633272947724 21.284677544877066 [0.0004801213837224289,1.4057211009606455e-05,0.00010657049538503611,0.0006515951179238875,0.000600555155167569,0.0002474192983870802] "[""1SHORT"",""1MEDIUM"",""1LONG"",""2SHORT"",""2MEDIUM"",""2LONG""]" 0.0006515951179238875 nan nan nan nan 0.0004801213837224289 0.0006515951179238875
"HIP 64550" 198.46798706054688 -45.18553161621094 24.42 1.466383740223056e-13 560.3639837756084 16.807684202529003 2.190317313503255 14.65060301178143 0.17480268786656403 37.851234806542735 "HIP 64550 3" Terran 0.2666149545516059 0.8871931132740377 200.0 2.521003263498023 G2V 1.0089216068574651 5815.213657459187 0.9235710157695441 4.510984460020811 5.319999999999999 None -0.48310904240795693 9.387987282576702 4.7961092135590535 1.2065002184936584 0.5168818192241624 5.360252547510607 5.539937866577188 5.306372211027309 5.307014848991052 5.722408591444067 5.360017759228305 5.356202846265171 5.309461873098478 5.294580543325914 35.47986008714141 38.46885453510468 35.551367239339086 35.64055690858072 39.16887442746005 35.68350648765788 26.101574526206676 26.323930173197432 28.65447185507079 28.656486593672753 35.48424309976164 35.7603794204794 40.06785584035669 35.78112262203614 35.37598545304503 37.54386974047341 35.5344287881149 35.4735938065727 38.421609876355035 35.54794771662387 35.534507455605016 43.64085683640941 35.53512876629202 27.66235731273798 24.98759742872169 [4.536418763260046e-05,5.914017298202565e-07,8.863895896488414e-06,6.327312234662066e-05,7.165809807036148e-05,2.1891079731586396e-05] "[""1SHORT"",""1MEDIUM"",""1LONG"",""2SHORT"",""2MEDIUM"",""2LONG""]" 7.165809807036148e-05 nan nan nan nan 4.536418763260046e-05 7.165809807036148e-05
