sim_data/Simulated_table/Simulated_Pull_for_FastCurves.ecsv
# %ECSV 1.0
# ---
# datatype:
# - {name: StarName, datatype: string}
# - {name: RA, datatype: float64}
# - {name: Dec, datatype: float64}
# - {name: Distance, unit: pc, datatype: float64}
# - {name: Flux Ratio, datatype: float64}
# - {name: AngSep, unit: mas, datatype: float64}
# - {name: ProjAU, unit: AU, datatype: float64}
# - {name: Phase, unit: rad, datatype: float64}
# - {name: SMA, unit: AU, datatype: float64}
# - {name: Ecc, datatype: float64}
# - {name: Inc, unit: deg, datatype: float64}
# - {name: PlanetName, datatype: string}
# - {name: PlanetType, datatype: string}
# - {name: PlanetMass, unit: earthMass, datatype: float64}
# - {name: PlanetRadius, unit: earthRad, datatype: float64}
# - {name: PlanetTeq, unit: K, datatype: float64}
# - {name: PlanetLogg, unit: dex(cm / s2), datatype: float64}
# - {name: StarSpT, datatype: string}
# - {name: StarMass, unit: solMass, datatype: float64}
# - {name: StarTeff, unit: K, datatype: float64}
# - {name: StarRad, unit: solRad, datatype: float64}
# - {name: StarLogg, unit: dex(cm / s2), datatype: float64}
# - {name: StarKmag, datatype: float64}
# - {name: DiscoveryMethod, datatype: string}
# - {name: StarRadialVelocity, unit: km / s, datatype: float64}
# - {name: StarVsini, unit: km / s, datatype: float64}
# - {name: DeltaRadialVelocity, unit: km / s, datatype: float64}
# - {name: alpha, datatype: float64}
# - {name: g_alpha, datatype: float64}
# - {name: StarINSTRUmag(HARMONI), datatype: float64}
# - {name: StarINSTRUmag(ERIS), datatype: float64}
# - {name: StarINSTRUmag(MIRIMRS), datatype: float64}
# - {name: StarINSTRUmag(NIRCam), datatype: float64}
# - {name: StarINSTRUmag(NIRSpec), datatype: float64}
# - {name: StarJmag, datatype: float64}
# - {name: StarHmag, datatype: float64}
# - {name: StarHKmag, datatype: float64}
# - {name: StarCHANNEL1mag, datatype: float64}
# - {name: StarCHANNEL2mag, datatype: float64}
# - {name: PlanetINSTRUmag(HARMONI)(thermal+reflected), datatype: float64}
# - {name: PlanetINSTRUmag(HARMONI)(thermal), datatype: float64}
# - {name: PlanetINSTRUmag(HARMONI)(reflected), datatype: float64}
# - {name: PlanetINSTRUmag(ERIS)(thermal+reflected), datatype: float64}
# - {name: PlanetINSTRUmag(ERIS)(thermal), datatype: float64}
# - {name: PlanetINSTRUmag(ERIS)(reflected), datatype: float64}
# - {name: PlanetINSTRUmag(MIRIMRS)(thermal+reflected), datatype: float64}
# - {name: PlanetINSTRUmag(MIRIMRS)(thermal), datatype: float64}
# - {name: PlanetINSTRUmag(NIRCam)(thermal+reflected), datatype: float64}
# - {name: PlanetINSTRUmag(NIRCam)(thermal), datatype: float64}
# - {name: PlanetINSTRUmag(NIRCam)(reflected), datatype: float64}
# - {name: PlanetINSTRUmag(NIRSpec)(thermal+reflected), datatype: float64}
# - {name: PlanetINSTRUmag(NIRSpec)(thermal), datatype: float64}
# - {name: PlanetINSTRUmag(NIRSpec)(reflected), datatype: float64}
# - {name: PlanetJmag(thermal+reflected), datatype: float64}
# - {name: PlanetJmag(thermal), datatype: float64}
# - {name: PlanetJmag(reflected), datatype: float64}
# - {name: PlanetHmag(thermal+reflected), datatype: float64}
# - {name: PlanetHmag(thermal), datatype: float64}
# - {name: PlanetHmag(reflected), datatype: float64}
# - {name: PlanetHKmag(thermal+reflected), datatype: float64}
# - {name: PlanetHKmag(thermal), datatype: float64}
[...]
#     StarTeff:
#       __class__: astropy.units.quantity.Quantity
#       unit: *id002
#       value: !astropy.table.SerializedColumn {name: StarTeff}
#     StarVsini:
#       __class__: astropy.units.quantity.Quantity
#       unit: !astropy.units.Unit {unit: km / s}
#       value: !astropy.table.SerializedColumn {name: StarVsini}
# schema: astropy-2.0
StarName RA Dec Distance "Flux Ratio" AngSep ProjAU Phase SMA Ecc Inc PlanetName PlanetType PlanetMass PlanetRadius PlanetTeq PlanetLogg StarSpT StarMass StarTeff StarRad StarLogg StarKmag DiscoveryMethod StarRadialVelocity StarVsini DeltaRadialVelocity alpha g_alpha StarINSTRUmag(HARMONI) StarINSTRUmag(ERIS) StarINSTRUmag(MIRIMRS) StarINSTRUmag(NIRCam) StarINSTRUmag(NIRSpec) StarJmag StarHmag StarHKmag StarCHANNEL1mag StarCHANNEL2mag PlanetINSTRUmag(HARMONI)(thermal+reflected) PlanetINSTRUmag(HARMONI)(thermal) PlanetINSTRUmag(HARMONI)(reflected) PlanetINSTRUmag(ERIS)(thermal+reflected) PlanetINSTRUmag(ERIS)(thermal) PlanetINSTRUmag(ERIS)(reflected) PlanetINSTRUmag(MIRIMRS)(thermal+reflected) PlanetINSTRUmag(MIRIMRS)(thermal) PlanetINSTRUmag(NIRCam)(thermal+reflected) PlanetINSTRUmag(NIRCam)(thermal) PlanetINSTRUmag(NIRCam)(reflected) PlanetINSTRUmag(NIRSpec)(thermal+reflected) PlanetINSTRUmag(NIRSpec)(thermal) PlanetINSTRUmag(NIRSpec)(reflected) PlanetJmag(thermal+reflected) PlanetJmag(thermal) PlanetJmag(reflected) PlanetHmag(thermal+reflected) PlanetHmag(thermal) PlanetHmag(reflected) PlanetHKmag(thermal+reflected) PlanetHKmag(thermal) PlanetHKmag(reflected) PlanetKmag(thermal+reflected) PlanetKmag(thermal) PlanetKmag(reflected) PlanetCHANNEL1mag(thermal) PlanetCHANNEL2mag(thermal)
[from data line 97]
"HIP 97222 A" 296.3896789550781 33.603057861328125 21.12 1.5446195673277607e-09 43.654657211094026 1.0609462187284013 1.0532236527887822 0.9085389673149544 0.26835098822819187 148.96786107538105 "HIP 97222 A" Neptunian 4.40020973450423 2.077396918102134 312.8610270547191 2.999589493453872 K3V 0.8499272601986831 4742.7381778526815 0.8501422511573329 4.508466184772794 5.24 None -22.04560917023651 9.017587895003086 14.851150501599653 1.8287106025317668 0.20118924056204193 5.311724289665564 5.596510793213049 5.208917347578547 5.225083380446975 5.642742366068196 5.91211222582956 5.310038102465776 5.304103798916895 5.216730007075254 5.179821468868536 28.174479427951127 29.186711676780412 28.71766585205039 27.945201330236937 28.493273371018585 28.949950789268858 20.998352881326113 21.317997363739227 23.96921039015409 23.983034837520538 28.713806631051256 26.24737953445063 26.33922408701587 28.97479773450616 27.657105645361163 27.979296651892547 29.133247591350422 27.769614559479248 28.376817102034146 28.690080182502932 28.151317346541287 29.141824454595287 28.70884417730641 28.4625988290708 30.211925413278195 28.704398988175317 22.568749058578476 20.01243339544915
"HIP 11852" 38.24439239501953 -72.68791198730469 22.73 4.638455146889147e-12 225.41582820581735 7.3881910106772715 2.3752584904243745 8.777461669793794 0.16947901725785527 52.87157478964943 "HIP 11852 7" Neptunian 100.51975353717215 4.29798730280367 200.0 3.7268762407301956 K4V 0.7460119848896093 4625.809668053836 0.5637413665438064 4.808653624085187 6.21 None -10.491469438062186 12.290918384569379 6.92440982050714 0.9589133096815976 0.6596400614765031 6.289788958812947 6.602590474103774 6.1761444185688275 6.197085102940183 6.651547019231751 6.957827837241085 6.2876391399300005 6.281252532034781 6.185114268038676 6.14285613170968 31.62235702622207 34.886888584890976 31.677422352504156 31.913159591773596 35.58690847724633 31.95063077869208 22.51937706655317 22.741928927072177 25.071788074129685 25.074520643459046 31.57103689852058 27.62059445294411 27.640343287045322 31.98091104862117 32.1914179434044 36.485889890142985 32.21241352409184 31.536826936598416 33.9619037902597 31.65987380383537 31.61236838676607 34.83964392614132 31.66940739488222 31.61995884524858 40.05889088619571 31.620416189231022 24.080372050033052 21.405606363862443
"HIP 84988" 260.5618896484375 -75.3475341796875 28.03 5.682442586213504e-12 215.2365115820461 8.610639182880675 2.3652788591506066 8.876632263633969 0.0615519474684997 134.46564616981496 "HIP 84988 4" Neptunian 80.3031227670811 4.360554261358987 200.0 3.616804125917065 G2V 1.0624528564879614 5928.662795375081 0.9875647628411437 4.475246124721086 5.46 None 11.205604478860629 4.6683891506057895 7.354800768165423 1.0365357858206545 0.6151498952681153 5.494824203950798 5.657039682285927 5.453229974389611 5.450156243582502 5.691756650309698 5.81977469214229 5.494453835971017 5.491319429274086 5.455175739594699 5.445678933336118 30.93188468711354 35.31062406043382 30.951298261318392 31.053612527207033 36.010643952789174 31.064967359836338 22.941551764064002 23.165664402615015 25.490732777939105 25.49825611900188 30.89277619989618 27.998448821411742 28.064078762588164 31.077654261127144 31.138613698302994 36.90962536568583 31.143964135874267 30.889809944602025 34.38563926580254 30.93409107701895 30.92821829514864 35.26337940168416 30.948434369145303 30.94038759555375 40.48262636173854 30.94055311991398 24.50410752557589 21.82934183940528
"HIP 107625" 326.9998474121094 -40.25522232055664 23.7 3.2884564042500366e-13 652.0028706888788 30.496220261279795 0.5313539668141716 27.317907918283638 0.18130781907775345 63.61247229606353 "HIP 107625 4" Terran 0.1666281947108356 0.7581420342835586 200.0 2.453402418559814 K3V 0.7768608456474081 4840.87544177459 0.5994549031725206 4.772897826925883 6.24 None -19.464816463236428 11.714931613714171 4.499418004695288 2.4532439348711224 0.03299401784406163 6.311724289665566 6.596510793213051 6.208917347578547 6.225083380446977 6.642742366068197 6.912112225829561 6.310038102465776 6.304103798916895 6.216730007075254 6.179821468868536 38.63606081279723 38.74520589585674 41.184476588694125 39.283124542662 39.4452257882121 41.42801186291422 26.378574813736613 26.600246238037943 28.93282298459524 28.932837954424812 41.084099129262 31.498547567074986 31.49866059801109 41.45492157108929 40.05948557762992 40.344207201108745 41.651996803673235 37.7715575740894 37.820221101225464 41.16710029984253 38.59259364880576 38.69796123710709 41.17739460909979 41.055109417587644 43.91720819716148 41.135819315385575 27.93868936099882 25.26392367482821
"HIP 79958" 244.81602478027344 -55.50477981567383 27.17 1.326792852337397e-12 831.9453744515707 22.655438397446773 1.5033681895160111 20.210667745799533 0.13987570526361318 60.017649212239 "HIP 79958 6" Neptunian 2.9974998856734643 1.80466665946892 200.0 2.9551202672020302 K2V 0.7171660851482087 4603.148560514078 0.5505992845656535 4.812016085358365 6.6000000000000005 None -18.28337975352202 13.226270875856434 4.859853960652369 1.6291901221467187 0.2896718080617783 6.679788958812949 6.992590474103775 6.566144418568829 6.5870851029401845 7.0415470192317535 7.347827837241088 6.677639139930002 6.671252532034782 6.575114268038678 6.532856131709681 36.12612819694262 37.15868026422343 36.656323606336585 36.545036758113895 37.858700156578784 36.929532032524506 24.79198084644963 25.013720606404625 27.34608626016202 27.34631232279149 36.54993815235301 29.910489366584933 29.91213496637777 36.9598123024536 36.96101009254957 38.75768156947543 37.191314777924276 35.664877338511126 36.23369546959215 36.63877505766779 36.102788426841904 37.11143560547377 36.64830864871465 36.593795734747786 42.33068256552816 36.599317443063455 26.3521637293655 23.67739804319489
"HIP 45116" 137.879638671875 46.61716842651367 24.73 3.224215582422381e-12 1080.3425689260082 26.84382876855268 1.6680917639472788 22.496670742141138 0.19577522852358642 12.042370074554631 "HIP 45116 1" Neptunian 108.14044542249556 4.094155456294458 200.0 3.8008145781717384 M0V 0.617539390303598 3950.392766032684 0.31974189818495014 5.219133194237438 7.06 None 5.849871894864741 13.32948161870263 1.0298348961112742 1.5505277199191576 0.3285088724958902 7.188628355528178 7.548937888647245 6.885908496688299 7.007970869324986 7.591736744047232 7.970864702513527 7.204324347101114 7.178311711842258 6.899188215241912 6.837864079527092 34.56610973083546 35.175515984205944 35.483641541909236 35.08775047623206 35.8755358765613 35.806221150603534 22.808848824885388 23.03055632638714 25.36303132735175 25.363148042774007 35.28457987051376 27.928221210360313 27.928970686360284 35.83101240110699 35.6534948840238 36.77451728945795 36.131475180106854 33.94808096040394 34.25053118957466 35.483473820821246 34.53480286242725 35.12827132545628 35.47387091529337 35.36733001884227 40.34751828551067 35.378444006617464 24.368999449348014 21.694233763177408
"HIP 111960" 340.1796875 -29.6744384765625 13.55 4.303982166720417e-12 793.4156137109404 12.092862910811116 1.0951975639125073 14.416077902901794 0.3993846207978397 148.00274572202534 "HIP 111960 8" Terran 0.592340324211783 1.2905482858119635 200.0 2.5421778640885484 K4V 0.696424897106863 4429.9292249343425 0.5834473973151363 4.748938502301833 5.04 None 15.722679503447644 11.897035070823168 3.4688350542057873 1.8158578093015998 0.2064169468790334 5.128841607436897 5.469971657808568 5.001295051963951 5.031397159504745 5.521797760408418 5.867281901483754 5.126337571274354 5.119361762632129 5.01133376675634 4.9641616167736995 35.07701747954803 36.37604223162767 35.467793630528604 35.48563374284425 37.07606212398303 35.7709806581888 24.009308750845726 24.231082573808873 26.563344298131085 26.563674290195742 35.356561348696744 29.127178706879583 29.12949693378202 35.804758560520426 35.89931066189081 37.97504353687968 36.0729708928698 34.698022069368534 35.45105743699639 35.45013687518947 35.05633534321451 36.32879757287802 35.45882356033639 35.39775136746834 41.54804453293241 35.40152153691401 25.569525696769745 22.894760010599136
"HIP 6344" 20.374807357788086 80.15199279785156 23.87 3.318292115436361e-12 637.7490410692538 17.672251949942524 2.1035517234805585 17.530071601892462 0.04476748290443147 37.061776816156915 "HIP 6344 14" Neptunian 57.21406014644108 4.318805777036673 200.0 3.4779305028863443 K8V 0.6518084856841225 4139.397455562468 0.5044686116983975 4.846519338642403 6.5600000000000005 None 5.961129248114958 0.9662118910112483 3.4618021444153864 1.259698107304387 0.486394704821516 6.669004196184868 7.022314477303518 6.456772972592803 6.5300740001199795 7.06996130987619 7.435904563211929 6.675515423889164 6.659029062475408 6.468354428855787 6.414330905142092 33.54412271755726 34.98266077391344 33.87961374015666 33.94941951350054 35.682680666268794 34.195264570840294 22.61589623477452 22.837701116094635 25.169881845073046 25.1702928324815 33.72482684105013 27.733363590800035 27.736115476067784 34.2249742346654 34.36216061381649 36.58166207916545 34.51271251186486 33.20758915759871 34.057675979282166 33.87069284282459 33.52449846440329 34.93541611516378 33.870165570390306 33.790389673032045 40.15466307521817 33.793484481480526 24.17614423905551 21.5013785528849
"HIP 42145" 128.86700439453125 41.7418098449707 28.48 8.760893224425148e-11 82.22725069775657 3.0732687014092104 0.8663966420156373 4.249664749760542 0.27684491847633186 44.91005817858652 "HIP 42145 4" Terran 1.6330649084231956 1.1585955373209242 200.0 3.0762948259743137 K2V 0.7987098722914555 4943.405869870266 0.6506440074849978 4.713769811312576 6.430000000000001 None 4.093476285093885 10.877782684346396 9.11619946578487 2.045625317302248 0.12360278375129435 6.493321967774069 6.754724859686182 6.406249188315778 6.417342931773687 6.799314407534234 7.038837655971744 6.490994660933723 6.486492586778272 6.413031979941901 6.380868142114328 34.91769611383294 38.22325771511907 34.97066869328953 35.15516243789911 38.92327760747443 35.18946453000349 25.855725363835035 26.07829805730027 28.408090065768057 28.41088977368714 34.88101860455624 30.955016348224447 30.97671241727342 35.214204482325634 35.36542851133892 39.82225902037108 35.38348353731238 34.834035815200046 37.2982729204878 34.95247689928505 34.909436468345895 38.17601305636942 34.96439550696599 34.93016089003832 43.3952600164238 34.93060734119923 27.416741180261145 24.741975494090536
"HIP 105038" 319.1349182128906 9.394115447998047 16.39 3.885106192773537e-12 2467.4231138735663 40.46236942933498 1.6032485908198923 37.63215632021886 0.2916294805676888 11.92546237663992 "HIP 105038 1" Neptunian 29.96035213631493 5.62522762953363 200.0 2.967421793003742 K2V 0.7674913714734962 4625.809668053836 0.6324983861842408 4.721022285422281 5.359999999999999 None -18.887443764897267 16.384195683054383 0.8789984201369041 1.564091549624837 0.32166940422842066 5.439788958812946 5.752590474103774 5.326144418568827 5.3470851029401825 5.801547019231751 6.107827837241086 5.437639139929999 5.43125253203478 5.335114268038676 5.292856131709679 33.095731935242384 33.59241130876051 34.18374147139955 33.61900240217767 34.292431201115875 34.45694989758747 21.22575834624825 21.447451650941712 23.77996080484524 23.78004336732858 34.07735601741597 26.345264756330327 26.34586601091486 34.487230167516564 34.176975338807985 35.19141261401252 34.718732642987234 32.42387176156618 32.66742651412924 34.166192922730765 33.06272476064758 33.54516665001086 34.17572651377761 34.11168176221534 38.76441361006525 34.12673530812641 22.785894773902587 20.111129087731978
"HIP 115332" 350.40740966796875 17.293746948242188 10.99 9.347877452350178e-12 339.18911165993984 3.7735447413634753 1.7268525262167067 5.506927756188346 0.4778958016492588 121.26284225716034 "HIP 115332 7" Terran 0.8577891645095487 1.219832070991224 200.0 2.751935543251317 M5V 0.42389120639350825 3748.9340370997115 0.11067208234993062 5.977245871565418 6.5200000000000005 None -23.05841476122523 2.22781554070129 7.063650590672384 1.437546998805254 0.38755089325285524 6.670641296494719 7.027859926188103 6.2647786590438415 6.442436252865642 7.06487338642086 7.4429411216076815 6.698102202704671 6.660426141936813 6.279189682324788 6.213364204500022 34.15148990211725 36.04370527243722 34.360395233654245 34.527989052840184 36.74372516479258 34.67910211699555 23.676797033031704 23.89874561461842 26.230571752501845 26.23133733100529 34.110290993056076 28.79243366476286 28.797159974591565 34.69780129238694 34.90635892777456 37.642706577689225 34.99740631653418 33.929221364924445 35.118720477805944 34.3711053026389 34.13517381249853 35.99646061368757 34.35075598288066 34.23265045904843 41.21570757374195 34.234399706607796 25.23718873757929 22.562423051408686
"HIP 33212" 103.67853546142578 24.245792388916016 29.91 5.401675812707002e-12 371.10247710306675 12.319840736605336 2.019617327819733 10.374102156079603 0.18925619176101482 27.037100829466613 "HIP 33212 2" Neptunian 69.94658237058536 4.000506969272567 200.0 3.6316915187750314 F8V 1.1718037244990749 6087.546961754481 1.075939250710078 4.443346999260927 5.46 None -0.7965918102634397 12.841730664175051 4.5507446031136904 1.3722561289144573 0.423141009060204 5.494824203950798 5.657039682285927 5.453229974389611 5.450156243582502 5.691756650309698 5.81977469214229 5.494453835971017 5.491319429274086 5.455175739594699 5.445678933336118 31.849549767156557 35.63872395555657 31.88318263133791 31.977126752884235 36.33874384791193 31.996851729855855 23.270694382320222 23.49376429773777 25.8220354734011 25.826356014124634 31.824660569915693 28.354060285034404 28.392178657710915 32.00953863114667 32.066535077052094 37.23772526080858 32.07584850589379 31.789888090158396 34.71373916092529 31.86597544703847 31.84530499699358 35.59147929680692 31.880318739164824 31.87214885354316 40.8107262568613 31.8724374899335 24.832207420698644 22.157441734528035
"HIP 112325 B" 341.2684631347656 -2.6564419269561768 12.53 1.799989417856354e-11 2656.7041323893923 50.21527373806946 0.724706711654936 34.22077348597671 0.5063119006510766 91.57056466607358 "HIP 112325 B" Jovian 174.1532491191414 9.473965334698246 200.0 3.2790230807011214 F8V 0.5699082298461485 5742.128942309952 0.1529893420835527 5.824550201836241 7.84 None 22.800906705457095 16.697047844253955 3.8440293050846677 2.4164617610993107 0.03836789646514807 7.880252547510608 8.059937866577188 7.82637221102731 7.827014848991053 8.09633346046424 8.242408591444066 7.880017759228306 7.876202846265173 7.829461873098479 7.814580543325914 31.871719491608754 31.877313445475796 37.59452886645331 32.567912168431036 32.577333337831156 37.7266681147721 19.510686979038418 19.732353787656997 22.064944794889975 22.064945504043862 37.527404726875865 24.630761960945023 24.630768147630143 37.741430823354655 33.456698886755476 33.4763147507278 37.82428424915037 30.94990129162187 30.95232865084452 37.577590415229125 31.824695586628646 31.830068786726144 37.59110934373809 36.529326944808375 37.04931574678053 37.578290393406235 21.070796910617872 18.396031224447263
