sim_data/Simulated_table/Simulated_Pull_MIRIMRS_without_systematics_BT-Settl.ecsv
# %ECSV 1.0
# ---
# datatype:
# - {name: StarName, datatype: string}
# - {name: RA, datatype: float64}
# - {name: Dec, datatype: float64}
# - {name: Distance, unit: pc, datatype: float64}
# - {name: Flux Ratio, datatype: float64}
# - {name: AngSep, unit: mas, datatype: float64}
# - {name: ProjAU, unit: AU, datatype: float64}
# - {name: Phase, unit: rad, datatype: float64}
# - {name: SMA, unit: AU, datatype: float64}
# - {name: Ecc, datatype: float64}
# - {name: Inc, unit: deg, datatype: float64}
# - {name: PlanetName, datatype: string}
# - {name: PlanetType, datatype: string}
# - {name: PlanetMass, unit: earthMass, datatype: float64}
# - {name: PlanetRadius, unit: earthRad, datatype: float64}
# - {name: PlanetTeq, unit: K, datatype: float64}
# - {name: PlanetLogg, unit: dex(cm / s2), datatype: float64}
# - {name: StarSpT, datatype: string}
# - {name: StarMass, unit: solMass, datatype: float64}
# - {name: StarTeff, unit: K, datatype: float64}
# - {name: StarRad, unit: solRad, datatype: float64}
# - {name: StarLogg, unit: dex(cm / s2), datatype: float64}
# - {name: StarKmag, datatype: float64}
# - {name: DiscoveryMethod, datatype: string}
# - {name: StarRadialVelocity, unit: km / s, datatype: float64}
# - {name: StarVsini, unit: km / s, datatype: float64}
# - {name: DeltaRadialVelocity, unit: km / s, datatype: float64}
# - {name: alpha, datatype: float64}
# - {name: g_alpha, datatype: float64}
# - {name: StarINSTRUmag(HARMONI), datatype: float64}
# - {name: StarINSTRUmag(ERIS), datatype: float64}
# - {name: StarINSTRUmag(MIRIMRS), datatype: float64}
# - {name: StarINSTRUmag(NIRCam), datatype: float64}
# - {name: StarJmag, datatype: float64}
# - {name: StarHmag, datatype: float64}
# - {name: StarHKmag, datatype: float64}
# - {name: StarCHANNEL1mag, datatype: float64}
# - {name: StarCHANNEL2mag, datatype: float64}
# - {name: PlanetINSTRUmag(HARMONI)(thermal+reflected), datatype: float64}
# - {name: PlanetINSTRUmag(HARMONI)(thermal), datatype: float64}
# - {name: PlanetINSTRUmag(HARMONI)(reflected), datatype: float64}
# - {name: PlanetINSTRUmag(ERIS)(thermal+reflected), datatype: float64}
# - {name: PlanetINSTRUmag(ERIS)(thermal), datatype: float64}
# - {name: PlanetINSTRUmag(ERIS)(reflected), datatype: float64}
# - {name: PlanetINSTRUmag(MIRIMRS)(thermal+reflected), datatype: float64}
# - {name: PlanetINSTRUmag(MIRIMRS)(thermal), datatype: float64}
# - {name: PlanetINSTRUmag(NIRCam)(thermal+reflected), datatype: float64}
# - {name: PlanetINSTRUmag(NIRCam)(thermal), datatype: float64}
# - {name: PlanetINSTRUmag(NIRCam)(reflected), datatype: float64}
# - {name: PlanetJmag(thermal+reflected), datatype: float64}
# - {name: PlanetJmag(thermal), datatype: float64}
# - {name: PlanetJmag(reflected), datatype: float64}
# - {name: PlanetHmag(thermal+reflected), datatype: float64}
# - {name: PlanetHmag(thermal), datatype: float64}
# - {name: PlanetHmag(reflected), datatype: float64}
# - {name: PlanetHKmag(thermal+reflected), datatype: float64}
# - {name: PlanetHKmag(thermal), datatype: float64}
# - {name: PlanetHKmag(reflected), datatype: float64}
# - {name: PlanetKmag(thermal+reflected), datatype: float64}
# - {name: PlanetKmag(thermal), datatype: float64}
# - {name: PlanetKmag(reflected), datatype: float64}
# - {name: PlanetCHANNEL1mag(thermal), datatype: float64}
[...]
#     StarTeff:
#       __class__: astropy.units.quantity.Quantity
#       unit: *id002
#       value: !astropy.table.SerializedColumn {name: StarTeff}
#     StarVsini:
#       __class__: astropy.units.quantity.Quantity
#       unit: !astropy.units.Unit {unit: km / s}
#       value: !astropy.table.SerializedColumn {name: StarVsini}
# schema: astropy-2.0
StarName RA Dec Distance "Flux Ratio" AngSep ProjAU Phase SMA Ecc Inc PlanetName PlanetType PlanetMass PlanetRadius PlanetTeq PlanetLogg StarSpT StarMass StarTeff StarRad StarLogg StarKmag DiscoveryMethod StarRadialVelocity StarVsini DeltaRadialVelocity alpha g_alpha StarINSTRUmag(HARMONI) StarINSTRUmag(ERIS) StarINSTRUmag(MIRIMRS) StarINSTRUmag(NIRCam) StarJmag StarHmag StarHKmag StarCHANNEL1mag StarCHANNEL2mag PlanetINSTRUmag(HARMONI)(thermal+reflected) PlanetINSTRUmag(HARMONI)(thermal) PlanetINSTRUmag(HARMONI)(reflected) PlanetINSTRUmag(ERIS)(thermal+reflected) PlanetINSTRUmag(ERIS)(thermal) PlanetINSTRUmag(ERIS)(reflected) PlanetINSTRUmag(MIRIMRS)(thermal+reflected) PlanetINSTRUmag(MIRIMRS)(thermal) PlanetINSTRUmag(NIRCam)(thermal+reflected) PlanetINSTRUmag(NIRCam)(thermal) PlanetINSTRUmag(NIRCam)(reflected) PlanetJmag(thermal+reflected) PlanetJmag(thermal) PlanetJmag(reflected) PlanetHmag(thermal+reflected) PlanetHmag(thermal) PlanetHmag(reflected) PlanetHKmag(thermal+reflected) PlanetHKmag(thermal) PlanetHKmag(reflected) PlanetKmag(thermal+reflected) PlanetKmag(thermal) PlanetKmag(reflected) PlanetCHANNEL1mag(thermal) PlanetCHANNEL2mag(thermal) SNR_band name_band SNR_INSTRU SNR_J SNR_H SNR_HK SNR_K SNR_CHANNEL1 SNR_CHANNEL2
[from data line 399]
"HIP 31878" 99.95857238769531 -61.47838592529297 22.35 2.494054820696364e-11 924.3613929619459 21.19712283047298 1.796504290507823 17.7856729380751 0.261547308465849 93.04977951720457 "HIP 31878 13" Neptunian 29.29925091578595 8.810107322018661 200.0 2.5680492012218403 M1V 0.6138085601771465 4103.639505412454 0.46751452727041365 4.886510347257024 6.550000000000001 None -12.29144716755549 7.930608749061198 5.525734668197151 1.3454135653842787 0.4380318909608768 6.659004196184868 7.012314477303518 6.446772972592802 6.52007400011998 7.42590456321193 6.665515423889163 6.649029062475408 6.458354428855787 6.404330905142091 32.05005782838246 33.29169868995655 32.46666694238314 32.47409662322908 33.991718582311904 32.78231777306678 20.924965392635777 21.146774328049286 23.479012591900947 23.47933074852461 32.31188004327661 32.908944138296924 34.89069999520855 33.09976571409135 31.658701201221078 32.36671389532526 32.45774604505107 32.0284215465557 33.244454031206885 32.457218772616784 32.37654137076752 38.46370099126127 32.380537683707004 22.48520146758983 19.810441583573542 [0.023003856335719282,0.0002789616312919838,0.0044023396505239,0.037860476893440964,0.03978015706153246,0.010770541145285202] "[""1SHORT"",""1MEDIUM"",""1LONG"",""2SHORT"",""2MEDIUM"",""2LONG""]" 0.03978015706153246 nan nan nan nan 0.023003856335719282 0.03978015706153246
"HIP 56997" 175.26260375976562 34.20256042480469 9.61 7.566382905650772e-12 575.5743822523907 6.29596564799182 1.0728010856121784 10.605519244500503 0.4112553635619475 57.363663000601164 "HIP 56997 10" Terran 0.662964638864905 1.0287355070718571 200.0 2.7880379868727796 G8V 0.9697877324932856 5534.196696466729 0.8461944902842102 4.569803926951205 3.6399999999999997 None 27.459733561009912 4.65708181777166 7.584641086412429 1.9847660882851017 0.14330351942428438 3.6846510204102554 3.8818641888288203 3.6266399128669162 3.628016957138943 4.085057249326311 3.683754614336532 3.6800276809691193 3.63072633187477 3.6111699916855744 34.06808729708379 36.12231533599227 34.24552124803632 34.28584762723867 36.822335228347626 34.39626184388701 23.755438219684297 23.97739097408501 26.30917204434359 26.309947394560336 34.17512571474291 34.45833421764056 37.72131664124427 34.51348019845662 33.85540860749749 35.19733054136099 34.22811471858261 34.057449324794774 36.075070677242614 34.241513221980334 34.223100864488316 41.294317637297 34.22471358873621 25.31581811362556 22.64105822960927 [0.00020636649164654803,2.6429190328261575e-06,3.9565164025474624e-05,0.00028878128525395804,0.00032403581895145713,9.854967237698575e-05] "[""1SHORT"",""1MEDIUM"",""1LONG"",""2SHORT"",""2MEDIUM"",""2LONG""]" 0.00032403581895145713 nan nan nan nan 0.00020636649164654803 0.00032403581895145713
"HIP 80043" 245.0763397216797 -48.22389221191406 25.95 2.3077881732871484e-12 471.09498458833514 12.94175625458054 1.9051878256273913 11.585355518068202 0.27306354079732437 139.21275388100395 "HIP 80043 6" Neptunian 47.06386683744106 1.9640219529565208 200.0 4.0775500128946 K2V 0.7925691818447633 4891.572509518791 0.5573093869529444 4.844912092403305 6.53 None -5.5954105973826636 1.5415996427493006 5.089516738866241 1.3547252753060908 0.4328506532722339 6.601724289665565 6.88651079321305 6.498917347578546 6.515083380446976 7.202112225829559 6.600038102465776 6.594103798916894 6.506730007075253 6.469821468868535 34.606609785098755 36.87517216883477 34.75005024320732 34.897274256256466 37.57519206119014 34.99358551742742 24.50822155864477 24.730247806927522 27.06180243779059 27.062804227402843 34.64967278377521 35.16478868282647 38.47417347408678 35.217570458186444 34.42645216058632 35.9501873742035 34.73267395435573 34.5944760273377 36.827927510085125 34.74296826361299 34.70014224570446 42.04717447013951 34.70139296989877 26.068674946468068 23.39391506245178 [0.00021382015558401085,2.808592038271923e-06,4.255775456221314e-05,0.0003402908238687663,0.00039288401835004775,0.00012246195337479654] "[""1SHORT"",""1MEDIUM"",""1LONG"",""2SHORT"",""2MEDIUM"",""2LONG""]" 0.00039288401835004775 nan nan nan nan 0.00021382015558401085 0.00039288401835004775
"HIP 19948 A" 64.17383575439453 -12.55691909790039 21.36 5.373828147835229e-12 788.3697409307642 21.73726112462846 2.2553723966434918 24.349896708978765 0.6466092933883449 122.44382445628379 "HIP 19948 A" Neptunian 66.52034057966775 8.597688447361962 200.0 2.945346138816848 M2V 0.5486049084691335 3748.9340370997115 0.3123500914404425 5.188044041458318 6.65 None -28.13571496202026 10.022698570763948 3.773580561152941 1.0078893131485023 0.6316387349642626 6.800641296494718 7.157859926188102 6.3947786590438405 6.57243625286564 7.5729411216076805 6.82810220270467 6.790426141936812 6.409189682324787 6.34336420450002 32.334127747025455 33.246314770690915 32.947575640942965 32.801337918012656 33.94633466304627 33.26628252428427 20.87960974516649 21.10139040878366 23.43373289925225 23.433946829258986 32.697471400344796 33.28882720327246 34.845316075942925 33.5845867238229 31.84117831275637 32.321329976059644 32.95828570992762 32.308096353348176 33.19907011194126 32.937936390169384 32.81533156421149 38.418317071995645 32.821580113896516 22.439817548324207 19.765057664307918 [0.019730223938215333,0.00024765948568414363,0.00381759610590292,0.02864712965344373,0.030217171900545105,0.008608899978982258] "[""1SHORT"",""1MEDIUM"",""1LONG"",""2SHORT"",""2MEDIUM"",""2LONG""]" 0.030217171900545105 nan nan nan nan 0.019730223938215333 0.030217171900545105
"HIP 101579" 308.8019714355469 6.127563953399658 28.64 5.7349097323864875e-12 292.2687871765914 8.384596406854538 1.6286302655831426 25.17728707976414 0.6839181736261372 175.55757550461863 "HIP 101579 7" Neptunian 2.008400219939495 1.4423281564979724 200.0 2.975877178817128 K2V 0.8311091162997964 4840.87544177459 0.6280311491264579 4.7617633044745755 6.53 None -21.070092260175223 18.09030585989759 0.4191615529773808 1.5663191495335107 0.3205516575990417 6.601724289665565 6.88651079321305 6.498917347578546 6.515083380446976 7.202112225829559 6.600038102465776 6.594103798916894 6.506730007075253 6.469821468868535 36.83101866471473 37.75976170671283 37.43205948178141 37.24580195978949 38.459781599068194 37.67559475600151 25.393073507556924 25.614837344805576 27.947202352587624 27.947393765280893 37.3316820223493 37.64795432579993 39.35876301196484 37.89957969676053 36.33388974103203 36.83477691208155 37.41468319292983 36.80668120337181 37.712517047963175 37.42497750218708 37.37686981304708 42.93176400801756 37.383402208472866 26.95326448434612 24.278504600329832 [4.8967035503023976e-05,6.396096965007452e-07,9.785238509655713e-06,9.56908349985397e-05,0.00011362959587480258,3.680263608872789e-05] "[""1SHORT"",""1MEDIUM"",""1LONG"",""2SHORT"",""2MEDIUM"",""2LONG""]" 0.00011362959587480258 nan nan nan nan 4.8967035503023976e-05 0.00011362959587480258
"HIP 2081" 6.570281028747559 -42.30512237548828 25.97 5.004448027245402e-12 540.5332545084086 14.115701174204801 1.4655861736793998 14.26649936002571 0.08510489748017178 132.84375347558694 "HIP 2081 15" Neptunian 3.7168989363963 2.142768425133215 295.2932729200056 2.8993853582573634 K0III 2.4711114888722183 4558.520175773521 12.87301200152436 2.6115996188732664 0.0 None -10.70379605508559 16.848827175768836 9.088880743080495 1.6478716007075267 0.2807544657995575 0.08105968955475393 0.39465728066703776 -0.03919784793098269 -0.009325938511684742 0.751349166935904 0.07982070866420937 0.07190242292473757 -0.026977319708863922 -0.08415182230687118 28.78242636023686 30.515633055943155 29.02828525647206 28.798705472003423 29.898961341605478 29.288344108192106 21.751332731748324 22.060699432664457 24.59597442690353 24.615112109528837 28.990116642608335 28.705159781680074 29.403723158790985 29.514574580048986 28.533194000753458 29.671896570331743 29.001518112532793 28.76557323770397 30.470585831421143 29.018715397189297 28.924162413409285 31.893370720193555 28.997029761420553 23.324436856392197 20.75101262593678 [0.00017614359034109212,2.5836804186367002e-05,5.045260034730199e-05,0.0002018758555177581,0.0003263099484759925,0.0002995607074958389] "[""1SHORT"",""1MEDIUM"",""1LONG"",""2SHORT"",""2MEDIUM"",""2LONG""]" 0.0003263099484759925 nan nan nan nan 0.00017614359034109212 0.0003263099484759925
"HIP 44127" 134.80349731445312 48.04235076904297 14.51 1.2995431564178586e-13 813.4479628067143 14.698447252972498 2.2092490371857845 13.882056888056102 0.24317729678814348 48.06174937203196 "HIP 44127 13" Terran 0.5098087860566277 0.8278435380842523 200.0 2.8626658714946736 A7IV 1.6596871214959583 8086.413600896844 1.6558138013912183 4.220070855029219 2.71 None -0.9756914534594401 14.04490009871189 7.660796945479256 1.111509020765978 0.5717876217476735 2.726342867410626 2.7558429040588406 2.7111621580973666 2.7123177113004386 2.7840966316983753 2.7313325962379373 2.725973559167945 2.710821265791343 2.7122694624023214 32.82616305730909 37.48881279347312 32.84107877496477 32.80694863600095 38.18883268582848 32.814613470202445 25.11905057982718 25.343888431565865 27.66690986814119 27.67644485204119 32.81268476082717 32.76468237605507 39.087814098725126 32.76789688303918 32.794935238511684 36.563827998841845 32.829212380914306 32.82579117889062 37.44156813472347 32.84136967432347 32.84790975087938 42.66081509477785 32.848038750366044 26.68231557110641 24.007555687090125 [7.927799442056921e-05,1.089866616598414e-06,1.6505722589507844e-05,0.00011560827171319488,0.00012092105101807501,3.49485384153524e-05] "[""1SHORT"",""1MEDIUM"",""1LONG"",""2SHORT"",""2MEDIUM"",""2LONG""]" 0.00012092105101807501 nan nan nan nan 7.927799442056921e-05 0.00012092105101807501
"HIP 82132" 251.6883087158203 -30.632671356201172 27.4 1.7391669506857995e-11 868.1307361199808 25.819193660217085 1.9702260469587891 26.518878154911867 0.12228696032914985 70.95453698219512 "HIP 82132 1" Neptunian 113.85705288022636 10.843421746358059 200.0 2.977182320847949 K7V 0.598637779266708 3966.828688903021 0.41278096213442594 4.983792430461612 7.13 None -14.477553733152394 12.006057768372084 4.231290687779232 1.1943639483808524 0.5238721885941094 7.258628355528179 7.618937888647245 6.9559084966883 7.077970869324987 8.040864702513527 7.274324347101117 7.248311711842259 6.969188215241912 6.907864079527094 32.53355010643636 33.283138112928484 33.28912031846504 33.02904519179413 33.98315800528384 33.611699927159336 20.916457823358495 21.13821375102123 23.470616009226426 23.47077017149655 33.09005864706957 33.55721067192702 34.882139418180486 33.93695395666266 31.97414422817743 32.358153318297205 33.28895259737705 32.504829183146356 33.23589345417883 33.27934969184917 33.1754981451386 38.45514041423321 33.183922783173266 22.476640890561775 19.801881006545486 [0.026044303706469138,0.00031669757736205195,0.004942442085213073,0.0404345489137106,0.04152476010866871,0.011447443627592462] "[""1SHORT"",""1MEDIUM"",""1LONG"",""2SHORT"",""2MEDIUM"",""2LONG""]" 0.04152476010866871 nan nan nan nan 0.026044303706469138 0.04152476010866871
"HIP 63510" 195.1956329345703 12.375763893127441 11.69 3.9219161507215657e-11 1299.566973226024 16.86050546721887 1.1221542461059015 11.30950299117955 0.49941053878517444 131.08075798659317 "HIP 63510 1" Neptunian 101.23486491666958 5.437716802828957 200.0 3.525652018227779 M2V 0.5430987456648935 3870.2956395244883 0.2711328985843575 5.30658199309801 5.58 None -20.579081845900696 9.1992310560517 4.9212935676448275 1.903868745606893 0.1720053562323735 5.730641296494719 6.087859926188103 5.32477865904384 5.50243625286564 6.50294112160768 5.75810220270467 5.720426141936812 5.339189682324788 5.2733642045000195 32.01203060087971 32.93220667428887 32.61945017308725 32.47807472515773 33.63222656664423 32.93815705642856 20.565500625003143 20.78728231238162 23.1196220232834 23.119838732856937 32.36934593248908 32.96402783789304 34.53120797954087 33.25646125596719 31.52203957222254 32.00722187965759 32.63016024207191 31.986118484902963 32.884962015539216 32.60981092231367 32.487286022324 38.1042089755936 32.49345464604081 22.12570945192216 19.45094956790587 [0.03612316130241253,0.00044454206936508407,0.006285843836192152,0.04922804052326303,0.05570353982691728,0.018239661813048556] "[""1SHORT"",""1MEDIUM"",""1LONG"",""2SHORT"",""2MEDIUM"",""2LONG""]" 0.05570353982691728 nan nan nan nan 0.03612316130241253 0.05570353982691728
"HIP 53486" 164.12896728515625 7.388661861419678 17.3 6.413453244615279e-13 695.0624520662692 28.05248528563489 2.6985992771102003 22.180911582374108 0.33622706470172414 65.3045053038066 "HIP 53486 5" Neptunian 123.10414365115138 10.050489040907841 200.0 3.0770533646621647 K0V 0.9039632939608483 4917.344678847713 0.7646114340954807 4.627336846864547 5.16 None 8.450206454119872 1.0864096008602298 5.46401848590684 0.6079127622727984 0.843809630413474 5.223321967774067 5.484724859686181 5.136249188315777 5.147342931773686 5.768837655971742 5.220994660933721 5.216492586778271 5.143031979941899 5.110868142114326 30.34348434577538 32.44951159092355 30.51197501460067 30.619647371599807 33.149531483278906 30.730770851314624 20.082615400625556 20.304587229016295 22.63630903700819 22.63714364949162 30.422324925867372 30.865321340668 34.04851289617555 30.924789858623512 30.138597924000628 31.524526796292275 30.49378322059618 30.331225760453368 32.402266932173895 30.50570182827713 30.47041541162347 37.62151389222828 30.47191366251036 21.64301436855684 18.96825448454055 [0.0189136236655203,0.00024034503111720467,0.003412224661364039,0.02495424959086857,0.02741466828175699,0.008274169652660568] "[""1SHORT"",""1MEDIUM"",""1LONG"",""2SHORT"",""2MEDIUM"",""2LONG""]" 0.02741466828175699 nan nan nan nan 0.0189136236655203 0.02741466828175699
