sim_data/Simulated_table/Simulated_Pull_NIRCam_BT-Settl+PICASO.ecsv
# %ECSV 1.0
# ---
# datatype:
# - {name: StarName, datatype: string}
# - {name: RA, datatype: float64}
# - {name: Dec, datatype: float64}
# - {name: Distance, unit: pc, datatype: float64}
# - {name: Flux Ratio, datatype: float64}
# - {name: AngSep, unit: mas, datatype: float64}
# - {name: ProjAU, unit: AU, datatype: float64}
# - {name: Phase, unit: rad, datatype: float64}
# - {name: SMA, unit: AU, datatype: float64}
# - {name: Ecc, datatype: float64}
# - {name: Inc, unit: deg, datatype: float64}
# - {name: PlanetName, datatype: string}
# - {name: PlanetType, datatype: string}
# - {name: PlanetMass, unit: earthMass, datatype: float64}
# - {name: PlanetRadius, unit: earthRad, datatype: float64}
# - {name: PlanetTeq, unit: K, datatype: float64}
# - {name: PlanetLogg, unit: dex(cm / s2), datatype: float64}
# - {name: StarSpT, datatype: string}
# - {name: StarMass, unit: solMass, datatype: float64}
# - {name: StarTeff, unit: K, datatype: float64}
# - {name: StarRad, unit: solRad, datatype: float64}
# - {name: StarLogg, unit: dex(cm / s2), datatype: float64}
# - {name: StarKmag, datatype: float64}
# - {name: DiscoveryMethod, datatype: string}
# - {name: StarRadialVelocity, unit: km / s, datatype: float64}
# - {name: StarVsini, unit: km / s, datatype: float64}
# - {name: DeltaRadialVelocity, unit: km / s, datatype: float64}
# - {name: alpha, datatype: float64}
# - {name: g_alpha, datatype: float64}
# - {name: StarINSTRUmag(HARMONI), datatype: float64}
# - {name: StarINSTRUmag(ERIS), datatype: float64}
# - {name: StarINSTRUmag(MIRIMRS), datatype: float64}
# - {name: StarINSTRUmag(NIRCam), datatype: float64}
# - {name: StarJmag, datatype: float64}
# - {name: StarHmag, datatype: float64}
# - {name: StarHKmag, datatype: float64}
# - {name: StarCHANNEL1mag, datatype: float64}
# - {name: StarCHANNEL2mag, datatype: float64}
# - {name: PlanetINSTRUmag(HARMONI)(thermal+reflected), datatype: float64}
# - {name: PlanetINSTRUmag(HARMONI)(thermal), datatype: float64}
# - {name: PlanetINSTRUmag(HARMONI)(reflected), datatype: float64}
# - {name: PlanetINSTRUmag(ERIS)(thermal+reflected), datatype: float64}
# - {name: PlanetINSTRUmag(ERIS)(thermal), datatype: float64}
# - {name: PlanetINSTRUmag(ERIS)(reflected), datatype: float64}
# - {name: PlanetINSTRUmag(MIRIMRS)(thermal+reflected), datatype: float64}
# - {name: PlanetINSTRUmag(MIRIMRS)(thermal), datatype: float64}
# - {name: PlanetINSTRUmag(NIRCam)(thermal+reflected), datatype: float64}
# - {name: PlanetINSTRUmag(NIRCam)(thermal), datatype: float64}
# - {name: PlanetINSTRUmag(NIRCam)(reflected), datatype: float64}
# - {name: PlanetJmag(thermal+reflected), datatype: float64}
# - {name: PlanetJmag(thermal), datatype: float64}
# - {name: PlanetJmag(reflected), datatype: float64}
# - {name: PlanetHmag(thermal+reflected), datatype: float64}
# - {name: PlanetHmag(thermal), datatype: float64}
# - {name: PlanetHmag(reflected), datatype: float64}
# - {name: PlanetHKmag(thermal+reflected), datatype: float64}
# - {name: PlanetHKmag(thermal), datatype: float64}
# - {name: PlanetHKmag(reflected), datatype: float64}
# - {name: PlanetKmag(thermal+reflected), datatype: float64}
# - {name: PlanetKmag(thermal), datatype: float64}
# - {name: PlanetKmag(reflected), datatype: float64}
# - {name: PlanetCHANNEL1mag(thermal), datatype: float64}
[...]
#     StarTeff:
#       __class__: astropy.units.quantity.Quantity
#       unit: *id002
#       value: !astropy.table.SerializedColumn {name: StarTeff}
#     StarVsini:
#       __class__: astropy.units.quantity.Quantity
#       unit: !astropy.units.Unit {unit: km / s}
#       value: !astropy.table.SerializedColumn {name: StarVsini}
# schema: astropy-2.0
StarName RA Dec Distance "Flux Ratio" AngSep ProjAU Phase SMA Ecc Inc PlanetName PlanetType PlanetMass PlanetRadius PlanetTeq PlanetLogg StarSpT StarMass StarTeff StarRad StarLogg StarKmag DiscoveryMethod StarRadialVelocity StarVsini DeltaRadialVelocity alpha g_alpha StarINSTRUmag(HARMONI) StarINSTRUmag(ERIS) StarINSTRUmag(MIRIMRS) StarINSTRUmag(NIRCam) StarJmag StarHmag StarHKmag StarCHANNEL1mag StarCHANNEL2mag PlanetINSTRUmag(HARMONI)(thermal+reflected) PlanetINSTRUmag(HARMONI)(thermal) PlanetINSTRUmag(HARMONI)(reflected) PlanetINSTRUmag(ERIS)(thermal+reflected) PlanetINSTRUmag(ERIS)(thermal) PlanetINSTRUmag(ERIS)(reflected) PlanetINSTRUmag(MIRIMRS)(thermal+reflected) PlanetINSTRUmag(MIRIMRS)(thermal) PlanetINSTRUmag(NIRCam)(thermal+reflected) PlanetINSTRUmag(NIRCam)(thermal) PlanetINSTRUmag(NIRCam)(reflected) PlanetJmag(thermal+reflected) PlanetJmag(thermal) PlanetJmag(reflected) PlanetHmag(thermal+reflected) PlanetHmag(thermal) PlanetHmag(reflected) PlanetHKmag(thermal+reflected) PlanetHKmag(thermal) PlanetHKmag(reflected) PlanetKmag(thermal+reflected) PlanetKmag(thermal) PlanetKmag(reflected) PlanetCHANNEL1mag(thermal) PlanetCHANNEL2mag(thermal) SNR_band name_band SNR_INSTRU SNR_J SNR_H SNR_HK SNR_K SNR_CHANNEL1 SNR_CHANNEL2
[from data line 582]
"HIP 56199" 172.80419921875 63.157470703125 22.53 1.3236429593268593e-11 513.0902811583118 14.050898403176564 0.9661756562085277 12.356012309092105 0.3348349692590481 35.12384020586829 "HIP 56199 5" Neptunian 18.543112430012076 3.1494431721231866 200.0 3.262870160600502 M0V 0.608542954308891 4086.001398951493 0.42366262901017426 4.968318552100025 6.630000000000001 None -4.853031208336361 12.795838885322848 3.803192014865903 1.9039820859759307 0.1719631592524095 6.75862835552818 7.118937888647246 6.4559084966883 6.577970869324988 7.540864702513529 6.774324347101118 6.748311711842261 6.469188215241913 6.407864079527094 34.50068802579369 35.54285412346581 35.024873926268 34.952783864655565 36.242874015821165 35.3474535349623 23.176140308218383 23.397894465647006 25.730317900584424 25.730486182033875 34.82581225487253 35.423135971422525 37.14185542871781 35.67270756446562 34.04976746609803 34.61786932883453 35.02470620518001 34.47641377973443 35.49560946471615 35.01510329965213 34.91446911691493 40.71485642477054 34.91967639097623 24.73633758860788 22.061571902437272 [2.6784037520762586e-07,3.4324866870974097e-07,0.002965085192454356,0.0004858053198638169,0.008545676570074948] "[""F250M"",""F300M"",""F410M"",""F356W"",""F444W""]" 0.008545676570074948 nan nan nan nan nan nan
"HIP 32043" 100.41477966308594 -35.55373764038086 29.46 1.0685216240459684e-10 254.7996842591163 12.704707095132585 0.6320946879325481 12.165877244075395 0.16675356504602565 61.274811638066225 "HIP 32043 11" Neptunian 53.58335561496462 5.5761912029403975 200.0 3.227509675549743 K5V 0.691249980986752 4791.27622506509 0.47117941742910757 4.931330137929747 6.67 None -10.83994915702516 19.92931283526129 6.226685033110217 2.356756140660124 0.04820316040391048 6.741724289665565 7.02651079321305 6.638917347578547 6.655083380446976 7.34211222582956 6.7400381024657765 6.734103798916894 6.646730007075254 6.609821468868535 34.240469389064465 34.884692474878285 35.11342038038636 34.71229782599549 35.58471236723364 35.356955654606466 22.51802912224068 22.739732817059487 25.072291197342793 25.072324533446352 35.013042920954256 35.188500428757266 36.483693780130295 35.58094059536549 33.632966462626406 33.95970768024701 35.09604409153478 34.21101521345397 34.83744781612863 35.10633840079203 35.05387949356188 40.056694776183015 35.064763107077816 24.078175940020362 21.403410253849753 [2.7669656050924556e-08,3.0339180729063726e-08,0.0005958260752197607,9.146909134380423e-05,0.001617156833802885] "[""F250M"",""F300M"",""F410M"",""F356W"",""F444W""]" 0.001617156833802885 nan nan nan nan nan nan
"HIP 98959" 301.3811950683594 -67.31925964355469 17.73 1.6459936077133962e-13 236.6084505730704 6.481998601652712 2.4377034939180295 5.734230870351377 0.15586429142446193 129.59625712298896 "HIP 98959 3" Terran 0.20347347785976266 0.8402692140387725 200.0 2.450825986141715 G3V 1.1084878463416428 5778.423731066208 1.0091272919210774 4.47490665938078 4.51 None 12.497170764470155 11.8201826629729 10.090778827115933 0.9429318803088753 0.6687106148475217 4.550252547510607 4.729937866577188 4.49637221102731 4.4970148489910535 4.912408591444067 4.5500177592283055 4.546202846265172 4.499461873098479 4.484580543325914 32.53500116852169 37.89166846474393 32.54284675790282 32.670328948346466 38.59168835709929 32.67498600622162 25.518920610200084 25.746708806925128 28.06061432161041 28.079300523311996 32.475722618325385 32.77037344142577 39.49066976999594 32.77260214059988 32.5078862324557 36.96668367011265 32.52590830667864 32.53125969725694 37.844423805994275 32.5394272351876 32.52654208057274 43.06367076604866 32.526608284855755 27.085151929886003 24.410386243715397 [7.83798929373838e-08,1.0001706845085119e-07,1.2057060755953704e-05,1.9939035040130978e-06,3.0543051965518635e-05] "[""F250M"",""F300M"",""F410M"",""F356W"",""F444W""]" 3.0543051965518635e-05 nan nan nan nan nan nan
"HIP 94225" 287.7179870605469 -47.15707778930664 20.58 4.5130053597627525e-11 1411.4138682186206 29.06299031489574 1.6040762361952239 20.037806594372597 0.47351743618518854 94.06388973506147 "HIP 94225 6" Jovian 713.0105031205125 14.335226867366794 200.0 3.531441868461725 K5V 0.7200022755621045 4086.001398951493 0.5148780001573586 4.8719928251716205 6.06 None 9.397068163260045 18.06348713346177 5.640096275478419 1.537600125670813 0.33508027691493464 6.188628355528179 6.548937888647245 5.885908496688299 6.007970869324986 6.970864702513527 6.204324347101116 6.178311711842259 5.899188215241912 5.837864079527093 30.983483429034216 32.05542104706554 31.489595571201644 31.43186496061306 32.75544093942091 31.81217517989594 19.688703286340687 19.910461389246745 22.242873578582177 22.243053105633614 31.29053389980617 31.897512497561763 33.65442235231755 32.137429209399265 30.54258688161644 31.130436252434272 31.489427850113646 30.959598939007012 32.00817638831589 31.479824944585772 31.379414734526563 37.22742334837028 31.38439803590987 21.248904512207616 18.57413882603701 [5.282024051175383e-05,4.742378952060366e-05,0.18848248247254565,0.035709669516518404,0.5682356284153495] "[""F250M"",""F300M"",""F410M"",""F356W"",""F444W""]" 0.5682356284153495 nan nan nan nan nan nan
"HIP 71530" 219.4449920654297 -67.93132781982422 27.89 5.320554445720171e-12 128.94338191914008 11.964351217580555 0.3052995109160463 13.590498092469563 0.21157508948086481 95.7626949518956 "HIP 71530 18" Neptunian 4.306156615440893 1.1883889112073616 200.0 3.475327721534286 F7V 1.2046384089448088 6343.880598874681 1.341511811232709 4.26373533202404 4.7700000000000005 None -29.51643682387983 9.883462184526 8.822786047809855 2.8206452245827784 0.003471765830801203 4.7966090836493 4.9291396331046435 4.769124562555037 4.764441449581517 5.059667667585454 4.796217220427479 4.793946152576793 4.769643364341263 4.766915338607238 37.87921691077881 38.122666664516544 39.62195570563573 38.42378312828393 38.8226865568719 39.70427646719259 25.756029411033914 25.977707006697738 28.310346241616024 28.31029872308461 39.5758207538651 38.98463332655962 39.721667969768546 39.75297432746244 37.08539700627276 37.197681869885265 39.60456339591798 37.84090794774628 38.07542200576689 39.61994381039267 39.58322924074851 43.29466896582127 39.61940041272975 27.316150129658613 24.641384443488008 [2.9678206234075757e-11,2.207992512726346e-11,1.0140587170802348e-06,1.9551598692573056e-07,2.7861516360996107e-06] "[""F250M"",""F300M"",""F410M"",""F356W"",""F444W""]" 2.7861516360996107e-06 nan nan nan nan nan nan
"HIP 41802" 127.84111022949219 -6.033696174621582 26.35 4.803029358211199e-11 251.9795753187949 6.744339592070497 1.394381183129378 4.403275045926948 0.5559845517942175 19.574184109378407 "HIP 41802 1" Neptunian 7.043455315123136 2.6704638502304636 200.0 2.9857674389710502 M2V 0.5591391426741575 3950.392766032684 0.30786197565201895 5.208875419400484 7.15 None -18.78442105471769 18.263345063354144 3.5559305296361785 1.6296280095131728 0.28946139599944165 7.27862835552818 7.638937888647246 6.9759084966883 7.097970869324986 8.060864702513529 7.294324347101116 7.26831171184226 6.989188215241913 6.927864079527093 33.03881019054487 36.241186628043856 33.09720860803492 33.378214793830324 36.94120652039921 33.419788216729216 23.87357724356779 24.096226970225057 26.426099744629173 26.428818686611923 32.89814693663945 33.720341136939986 37.84018793329586 33.745042246232536 32.964806422012046 35.31620183341258 33.09704088694693 33.02704477387655 36.1939419692942 33.08743798141905 32.99154638604941 41.413188929348586 32.992011072743146 25.43467009318593 22.75990440701532 [1.938781428380308e-07,2.5665871074270507e-07,0.00019932197538930337,3.166645018329336e-05,0.0005459864411385154] "[""F250M"",""F300M"",""F410M"",""F356W"",""F444W""]" 0.0005459864411385154 nan nan nan nan nan nan
"HIP 1292" 4.04683780670166 -79.85104370117188 17.5 3.6884343312723005e-12 726.2470136662793 13.581379058838179 1.931098603265117 9.920662617171564 0.5783426623913916 61.8399314454999 "HIP 1292 6" Neptunian 7.847908521321637 2.5467547578828835 200.0 3.0739347616620503 G6V 0.9836214277317248 5436.136574148009 0.885754398260406 4.536268973328905 4.859999999999999 None 4.500426354977897 4.182943094283398 8.268554501748564 1.2547345406870662 0.4892267423792324 4.911369404126076 5.1280269002187895 4.839908116954513 4.845609831436961 5.354726517340508 4.910667426531033 4.906066698576553 4.8449434781650265 4.820936254219686 31.980562193755443 35.455471659547975 32.02572296827626 32.16909168534529 36.15549155190334 32.19706520187477 23.087787475292117 23.310512001729172 25.639919467487427 25.64310371811604 31.946135387831916 32.32256017008123 37.054472964799984 32.3365481109171 31.90717397410485 34.530486864916696 32.008692346682764 31.974088367406047 35.40822700079832 32.021015110336485 31.99763438797554 40.627473960852704 31.998017976146684 24.648955124690048 21.97418943851944 [4.057056507360675e-06,6.20896446579966e-06,0.0027846798027553452,0.0004891188874254468,0.008223907861804755] "[""F250M"",""F300M"",""F410M"",""F356W"",""F444W""]" 0.008223907861804755 nan nan nan nan nan nan
"HIP 8102" 26.021364212036133 -15.939556121826172 3.65 3.2129421440741725e-12 2288.588614288557 8.371136306738258 1.6359984333213884 4.945440789374848 0.7019584991849688 109.37146367791138 "HIP 8102 4" Terran 0.37012879861773057 1.1616427094075492 200.0 2.4293628173499853 G8V 0.8644600485160521 5501.092963336511 0.7520572169342558 4.6223107877928316 1.6800000000000002 None 15.121003785890807 2.9044576822346957 11.747722695531378 1.5092902457652013 0.3496450541161796 1.724651020410256 1.9218641888288208 1.6666399128669172 1.6680169571389436 2.125057249326311 1.7237546143365323 1.7200276809691193 1.670726331874771 1.6511699916855747 29.3772091602241 33.756318513882995 29.396616060631878 29.53561360693438 34.45633840623835 29.54735665648257 21.387225182944913 21.611358856064196 23.936422555193676 23.94395057245106 29.326220527338464 29.658843362370302 35.355319819135 29.66457501105218 29.334951412099844 32.83133371925172 29.379209531178162 29.372419995912587 33.70907385513334 29.392608034575886 29.37564446071452 38.928320815187725 29.375808401331764 22.949801979025068 20.27503629285446 [9.596419926506885e-05,9.092591975054703e-05,0.018460254771302153,0.0038904243458889685,0.04530179716550864] "[""F250M"",""F300M"",""F410M"",""F356W"",""F444W""]" 0.04530179716550864 nan nan nan nan nan nan
"HIP 72875" 223.42539978027344 23.34516716003418 23.55 1.6473867116980066e-12 529.1828009058977 12.626278361780319 1.7321584107844878 15.77819263099545 0.19994908496890684 126.24279092708522 "HIP 72875 2" Terran 1.5139048481663189 1.2888205147509098 200.0 2.95086878107474 K3V 0.8271920823767793 4766.876781934012 0.6114754797207596 4.782915903276613 6.139999999999999 None -7.107609925288173 5.651701728220067 5.500263096625153 1.4408533947792235 0.3857746882535698 6.211724289665563 6.496510793213048 6.108917347578545 6.1250833804469735 6.812112225829558 6.2100381024657745 6.2041037989168935 6.116730007075252 6.079821468868534 35.82899199083667 37.57920940271261 36.07057004380755 36.14953728854101 38.279229295067964 36.31410531802765 25.21239930900371 25.4342497448938 27.7663547490692 27.76684146128067 35.97019258437544 36.44662530146559 39.17821070796461 36.538090258786674 35.56006554093222 36.65422460808132 36.05319375495596 35.81377860401713 37.531964743962945 36.06348806421322 36.01970698379513 42.75121170401733 36.021912770499 26.772692867854676 24.097927181684064 [8.5581893369959e-08,1.0228342686505405e-07,0.0004154058486761306,6.69468529030702e-05,0.0011926955078043343] "[""F250M"",""F300M"",""F410M"",""F356W"",""F444W""]" 0.0011926955078043343 nan nan nan nan nan nan
"HIP 61100" 187.82838439941406 55.11884689331055 25.1 9.236111979943215e-13 499.82961785054664 12.560365928297074 1.619087078717714 10.485676740321196 0.44716495043735616 54.1739602930897 "HIP 61100 7" Terran 1.5233947754038506 0.9680195209692428 200.0 3.202199313117758 K2V 0.876198493208743 4891.572509518791 0.779170887400641 4.597404694523087 5.67 None 29.369612826222372 8.319286387011504 6.980875141271019 1.531647504024507 0.3381231301340807 5.741724289665565 6.026510793213051 5.638917347578547 5.655083380446976 6.342112225829561 5.7400381024657765 5.734103798916895 5.646730007075254 5.609821468868535 35.40277231071858 38.33916507780864 35.47795484405332 35.67153083387218 39.039184970163994 35.721490118273415 25.971899963118943 26.194205419989835 28.52490538958606 28.5267971363767 35.37757738462121 35.91835981882591 39.93816638306064 35.94547505903245 35.29438257477448 37.41418028317736 35.460578555201735 35.39295647295894 38.291920419058975 35.47087286445899 35.42866246013434 43.51116737911337 35.42929757074477 27.532648542950703 24.857882856780094 [8.873682508823903e-08,1.31595149468432e-07,0.00014455612748409224,2.3016910273646778e-05,0.00041202165401595326] "[""F250M"",""F300M"",""F410M"",""F356W"",""F444W""]" 0.00041202165401595326 nan nan nan nan nan nan
"HIP 62452" 191.98841857910156 9.752517700195312 8.37 6.641144892957467e-13 479.4423392462925 5.917410316329355 2.3963408909640687 5.918819904541365 0.2980650502774684 109.51115166992501 "HIP 62452 9" Terran 0.5780485412179357 1.2049816997892424 200.0 2.591158488934418 M4V 0.4080946782741934 3705.436013488796 0.09997762340830112 6.0490229410859495 6.36 None -23.6298756447219 16.952911800839708 7.371800050339999 0.8055486094775932 0.7446621410038011 6.510641296494719 6.867859926188103 6.104778659043841 6.282436252865642 7.282941121607681 6.538102202704671 6.500426141936813 6.119189682324788 6.053364204500021 33.48588255506536 35.47894208063725 33.67454561542082 33.8571294935369 36.17896197299261 33.99325249876212 23.112000574965595 23.333982422818455 25.665800127648705 25.666574139205323 33.42444137482265 34.229765110518244 37.07794338588926 34.311556698300755 33.28237317511685 34.55395728600598 33.685255684405476 33.470157030843566 35.4316974218876 33.66490636464724 33.546985307213774 40.65094438194198 33.54855008837437 24.672425545779326 21.997659859608717 [5.829035246179443e-07,8.435720587132961e-07,0.0021119371675748437,0.00033598084766108644,0.005761348223859452] "[""F250M"",""F300M"",""F410M"",""F356W"",""F444W""]" 0.005761348223859452 nan nan nan nan nan nan
