sim_data/Simulated_table/Simulated_Pull_for_FastCurves.ecsv
# %ECSV 1.0
# ---
# datatype:
# - {name: StarName, datatype: string}
# - {name: RA, datatype: float64}
# - {name: Dec, datatype: float64}
# - {name: Distance, unit: pc, datatype: float64}
# - {name: Flux Ratio, datatype: float64}
# - {name: AngSep, unit: mas, datatype: float64}
# - {name: ProjAU, unit: AU, datatype: float64}
# - {name: Phase, unit: rad, datatype: float64}
# - {name: SMA, unit: AU, datatype: float64}
# - {name: Ecc, datatype: float64}
# - {name: Inc, unit: deg, datatype: float64}
# - {name: PlanetName, datatype: string}
# - {name: PlanetType, datatype: string}
# - {name: PlanetMass, unit: earthMass, datatype: float64}
# - {name: PlanetRadius, unit: earthRad, datatype: float64}
# - {name: PlanetTeq, unit: K, datatype: float64}
# - {name: PlanetLogg, unit: dex(cm / s2), datatype: float64}
# - {name: StarSpT, datatype: string}
# - {name: StarMass, unit: solMass, datatype: float64}
# - {name: StarTeff, unit: K, datatype: float64}
# - {name: StarRad, unit: solRad, datatype: float64}
# - {name: StarLogg, unit: dex(cm / s2), datatype: float64}
# - {name: StarKmag, datatype: float64}
# - {name: DiscoveryMethod, datatype: string}
# - {name: StarRadialVelocity, unit: km / s, datatype: float64}
# - {name: StarVsini, unit: km / s, datatype: float64}
# - {name: DeltaRadialVelocity, unit: km / s, datatype: float64}
# - {name: alpha, datatype: float64}
# - {name: g_alpha, datatype: float64}
# - {name: StarINSTRUmag(HARMONI), datatype: float64}
# - {name: StarINSTRUmag(ERIS), datatype: float64}
# - {name: StarINSTRUmag(MIRIMRS), datatype: float64}
# - {name: StarINSTRUmag(NIRCam), datatype: float64}
# - {name: StarINSTRUmag(NIRSpec), datatype: float64}
# - {name: StarJmag, datatype: float64}
# - {name: StarHmag, datatype: float64}
# - {name: StarHKmag, datatype: float64}
# - {name: StarCHANNEL1mag, datatype: float64}
# - {name: StarCHANNEL2mag, datatype: float64}
# - {name: PlanetINSTRUmag(HARMONI)(thermal+reflected), datatype: float64}
# - {name: PlanetINSTRUmag(HARMONI)(thermal), datatype: float64}
# - {name: PlanetINSTRUmag(HARMONI)(reflected), datatype: float64}
# - {name: PlanetINSTRUmag(ERIS)(thermal+reflected), datatype: float64}
# - {name: PlanetINSTRUmag(ERIS)(thermal), datatype: float64}
# - {name: PlanetINSTRUmag(ERIS)(reflected), datatype: float64}
# - {name: PlanetINSTRUmag(MIRIMRS)(thermal+reflected), datatype: float64}
# - {name: PlanetINSTRUmag(MIRIMRS)(thermal), datatype: float64}
# - {name: PlanetINSTRUmag(NIRCam)(thermal+reflected), datatype: float64}
# - {name: PlanetINSTRUmag(NIRCam)(thermal), datatype: float64}
# - {name: PlanetINSTRUmag(NIRCam)(reflected), datatype: float64}
# - {name: PlanetINSTRUmag(NIRSpec)(thermal+reflected), datatype: float64}
# - {name: PlanetINSTRUmag(NIRSpec)(thermal), datatype: float64}
# - {name: PlanetINSTRUmag(NIRSpec)(reflected), datatype: float64}
# - {name: PlanetJmag(thermal+reflected), datatype: float64}
# - {name: PlanetJmag(thermal), datatype: float64}
# - {name: PlanetJmag(reflected), datatype: float64}
# - {name: PlanetHmag(thermal+reflected), datatype: float64}
# - {name: PlanetHmag(thermal), datatype: float64}
# - {name: PlanetHmag(reflected), datatype: float64}
# - {name: PlanetHKmag(thermal+reflected), datatype: float64}
# - {name: PlanetHKmag(thermal), datatype: float64}
[...]
#     StarTeff:
#       __class__: astropy.units.quantity.Quantity
#       unit: *id002
#       value: !astropy.table.SerializedColumn {name: StarTeff}
#     StarVsini:
#       __class__: astropy.units.quantity.Quantity
#       unit: !astropy.units.Unit {unit: km / s}
#       value: !astropy.table.SerializedColumn {name: StarVsini}
# schema: astropy-2.0
StarName RA Dec Distance "Flux Ratio" AngSep ProjAU Phase SMA Ecc Inc PlanetName PlanetType PlanetMass PlanetRadius PlanetTeq PlanetLogg StarSpT StarMass StarTeff StarRad StarLogg StarKmag DiscoveryMethod StarRadialVelocity StarVsini DeltaRadialVelocity alpha g_alpha StarINSTRUmag(HARMONI) StarINSTRUmag(ERIS) StarINSTRUmag(MIRIMRS) StarINSTRUmag(NIRCam) StarINSTRUmag(NIRSpec) StarJmag StarHmag StarHKmag StarCHANNEL1mag StarCHANNEL2mag PlanetINSTRUmag(HARMONI)(thermal+reflected) PlanetINSTRUmag(HARMONI)(thermal) PlanetINSTRUmag(HARMONI)(reflected) PlanetINSTRUmag(ERIS)(thermal+reflected) PlanetINSTRUmag(ERIS)(thermal) PlanetINSTRUmag(ERIS)(reflected) PlanetINSTRUmag(MIRIMRS)(thermal+reflected) PlanetINSTRUmag(MIRIMRS)(thermal) PlanetINSTRUmag(NIRCam)(thermal+reflected) PlanetINSTRUmag(NIRCam)(thermal) PlanetINSTRUmag(NIRCam)(reflected) PlanetINSTRUmag(NIRSpec)(thermal+reflected) PlanetINSTRUmag(NIRSpec)(thermal) PlanetINSTRUmag(NIRSpec)(reflected) PlanetJmag(thermal+reflected) PlanetJmag(thermal) PlanetJmag(reflected) PlanetHmag(thermal+reflected) PlanetHmag(thermal) PlanetHmag(reflected) PlanetHKmag(thermal+reflected) PlanetHKmag(thermal) PlanetHKmag(reflected) PlanetKmag(thermal+reflected) PlanetKmag(thermal) PlanetKmag(reflected) PlanetCHANNEL1mag(thermal) PlanetCHANNEL2mag(thermal)
[from data line 166]
"HIP 42333" 129.4602813720703 -6.806990146636963 23.98 6.309185625204348e-15 70.44741858992283 9.315251773622098 2.9592327194487034 6.201314304012459 0.5339744984756671 87.8719061319103 "HIP 42333 5" Neptunian 5.1517718539211295 1.676117106110062 200.0 3.2545029871717723 G8IV 1.0412230613260738 5742.128942309952 1.0152179426911465 4.44249283621492 5.220000000000001 None -12.298208222784407 0.37998103090066015 12.196261340649158 0.1860627963380168 0.9834212858822593 5.260252547510609 5.43993786657719 5.206372211027311 5.207014848991054 5.476333460464242 5.622408591444068 5.260017759228307 5.2562028462651735 5.20946187309848 5.194580543325915 31.49814337972401 37.04794114874383 31.50470660325611 31.63295092722933 37.74796104109919 31.6368458515749 24.67399692171604 24.90298149092503 27.213163766455082 27.2355732073119 31.437582463678666 29.619912382689712 29.801395850898178 31.651608560157456 31.73259835740875 38.64694245399584 31.734461985953164 31.472680280747113 36.12295635411256 31.487768152031922 31.49445436569252 37.000696489994176 31.501287080540884 31.488412779508494 42.21994345004856 31.488468130209032 26.241424613885904 23.566658927715295
"HIP 87116" 266.9903869628906 -34.01749801635742 26.16 1.249520117909175e-12 379.08301798287187 11.64058850924346 2.1219581051728533 11.898678976029236 0.39711733444785474 85.263378677658 "HIP 87116 9" Terran 1.557694786410483 1.5836312624678768 200.0 2.7843293151403685 G7V 1.0281665536032192 5468.4090187676065 0.9971758338222363 4.452587609411059 5.529999999999999 None -10.16974414129437 3.0835540747629997 8.72550808466452 1.0217325302219755 0.6236788459841122 5.581369404126075 5.7980269002187885 5.509908116954513 5.51560983143696 5.83805901330469 6.024726517340508 5.580667426531032 5.576066698576553 5.514943478165026 5.490936254219686 33.81622641435512 37.36013541244345 33.85855153910005 34.003689726439774 38.06015530479881 34.02989377269855 24.99237890170876 25.215175754624646 27.544279699837652 27.54776747101151 33.7789639586557 30.085027679293294 30.113590114597795 34.049100304802955 34.15627888900781 38.95913671769546 34.16937668174088 33.746225091125154 36.43515061781217 33.84152091750655 33.80986124220521 37.31289075369379 33.85384368116027 33.83048751258454 42.53213771374818 33.83084654697046 26.55361887758552 23.878853191414912
"HIP 51468" 157.69790649414062 59.75179672241211 23.45 8.773453277675456e-12 46.454245251613166 1.852162620256635 2.5128214562749784 3.1349525633340263 0.5849995441359319 54.760841095965 "HIP 51468 3" Terran 0.19593022634251497 0.8993925258070158 200.0 2.3753579738604382 K5V 0.7429435525333106 4409.234032365268 0.6703051135812077 4.656478380382497 6.04 None -12.049109871926017 10.358233568066593 11.84255045943909 0.8492480950293829 0.7209678240517388 6.128841607436898 6.469971657808568 6.001295051963952 6.0313971595047455 6.521797760408418 6.867281901483755 6.126337571274355 6.1193617626321295 6.011333766756341 5.9641616167736995 32.57558367180313 38.35118491158611 32.58091148452917 32.880399023571655 39.05120480394147 32.88409851218936 25.975154440327714 26.20622525376731 28.510133603513932 28.538816970154176 32.46967920269731 30.917381821188027 31.104639613740453 32.91787641452099 33.18395246769929 39.95018621683811 33.18608874687036 32.5510059135325 37.42620011695483 32.563254729190035 32.56642291978446 38.303940252836455 32.57194141433696 32.51459650678355 43.52318721289084 32.514639390914574 27.544668376728183 24.869902690557574
"HIP 61481" 188.9632568359375 51.22148513793945 26.97 5.896506424878557e-10 10.126740302373848 0.5931020825487199 2.6630443691646972 0.7006174707166377 0.15483112882298314 86.98722840321521 "HIP 61481 8" Neptunian 57.54030678836526 6.6180861091412 331.7999231250848 3.1096624279618226 K0V 0.7841323857771899 4866.084384156673 0.7004508422069781 4.641701694887083 6.16 None 21.327027090820614 17.54753407110625 31.469837540403446 0.4812057903714385 0.8979887842767189 6.231724289665566 6.516510793213051 6.128917347578548 6.145083380446977 6.562742366068196 6.832112225829561 6.230038102465777 6.224103798916895 6.136730007075254 6.0998214688685355 24.75509413347463 26.834493781831195 24.92811962585517 24.825338830887603 26.256688964707173 25.1634440949328 18.735864159968113 19.03951984615682 21.721112883091894 21.77830854699043 24.945488211834437 23.787159339125743 24.136130405525687 25.189349532866427 24.788779516505237 25.77797064259598 25.347190440074066 24.58791461642935 26.090685322123512 24.90105570888581 24.74059266436828 26.7906667845838 24.918765742584462 24.813327540831523 27.403287806194733 24.918170706389034 20.26370217646647 17.739970696988166
"HIP 22762" 73.45720672607422 -17.771852493286133 12.12 3.4062138975357085e-10 127.66428505048222 3.8381977366173934 0.4149340791963355 2.7275161559664136 0.4108942435464574 88.4986469094754 "HIP 22762 4" Neptunian 5.390533478202082 1.8639830242304682 200.0 3.1819029239442673 M3V 0.5097408193281512 3719.818455748119 0.1808485859168148 5.630786805386112 6.590000000000001 None 5.422477562892489 8.404439159144507 12.871878517556436 2.7258799532531275 0.007491775882296578 6.7406412964947195 7.097859926188104 6.334778659043842 6.5124362528656405 7.13487338642086 7.512941121607682 6.7681022027046716 6.730426141936813 6.349189682324789 6.283364204500021 34.95211139269185 35.33552038217276 36.26833538264127 35.52406931107661 36.03554027452812 36.587042265982575 22.96886880288713 23.190560724353958 25.523083626380604 25.523152440740823 36.018231142043106 28.088549551892747 28.088975084327107 36.605741441373965 36.16726109297963 36.93452168742476 36.905346465521205 34.231848588104455 34.41053558754148 36.279045451625926 34.915919475319896 35.288275723423105 36.25869613186769 36.12302980309893 40.50752268347749 36.14233985559483 24.529003847314833 21.854238161144224
"HIP 105911" 321.754638671875 -44.809017181396484 23.51 1.0688553417384145e-14 12.452754108746062 3.1390322038854688 3.048191141523673 2.7701989671565608 0.1626864729805565 90.30924223195396 "HIP 105911 7" Terran 0.5454690562520106 0.8844163834343316 200.0 2.834611642423947 K1IV 0.9723787201951549 4996.415833275054 0.930660891781908 4.48832014459774 5.43 None -1.5378288246353087 12.053143521916564 17.6461266800449 0.09355687302761609 0.9957135582393143 5.493321967774067 5.754724859686181 5.406249188315778 5.417342931773686 5.799314407534233 6.038837655971743 5.490994660933721 5.486492586778271 5.4130319799419 5.380868142114327 31.36088848298126 38.39319629717069 31.3625600949568 31.580282521966613 39.093216189526046 31.58135593167076 25.99754551042517 26.248236639351887 28.49347030996057 28.580828355738753 31.272910006223505 30.59967505405881 31.146650999325033 31.6060958839929 31.774814042040063 39.9921976024227 31.775374938979645 31.340518689571645 37.46821150253941 31.34436830095232 31.354551062555004 38.345951638421035 31.356286908633262 31.322484982131677 43.56519859847542 31.322498742866497 27.586679762312762 24.911914076142153
"HIP 69064" 212.05093383789062 80.59859466552734 16.92 8.841338888140213e-13 340.73697306277904 6.989202521152722 2.1715986579024094 6.093188565045552 0.1475000723145951 54.697513303772084 "HIP 69064 9" Terran 0.3480079939038384 0.9697370284529865 200.0 2.559436343898795 M2V 0.5572246907160266 3983.407818476451 0.28362649817476415 5.278604373272507 6.33 None -28.83316008194974 11.275959652846453 7.350830692025342 1.0912777961121425 0.583504718846362 6.4586283555281785 6.818937888647245 6.1559084966882995 6.277970869324986 6.861736744047232 7.2408647025135275 6.474324347101116 6.448311711842259 6.1691882152419115 6.107864079527092 34.35800071469772 37.47894894539408 34.42108195051426 34.69872669423233 38.17896883774944 34.743661559208554 25.111414492229017 25.333989287575278 27.6639926073201 27.66658100396215 34.22202027911879 30.215884160090365 30.232403647548427 34.76845280971201 35.042200508433574 39.07795025064609 35.06891558871188 34.278451795084614 36.55396415076281 34.42091422942626 34.34608009320174 37.431704286644425 34.41131132389839 34.31538138164314 42.65095124669881 34.315884415222484 26.672432410536153 23.997666724365544
"HIP 101382" 308.2156982421875 41.897377014160156 22.05 3.670365728782706e-11 253.9078469678397 5.838458499930637 1.2832024821180694 4.742294423975503 0.43964722325027383 25.943023528613608 "HIP 101382 7" Neptunian 4.495173681327479 2.2413786809299117 200.0 2.9428710847416926 G9V 1.0321922461321178 5280.671926994783 0.9438135481595058 4.502055805175873 4.970000000000001 None -29.070122677829744 11.805550828804796 6.079073019493383 1.695205523526986 0.2587194478880982 5.027046614926273 5.264798561016647 4.948828448334196 4.9567071461622865 5.307022209984675 5.51806266367057 5.025542788635803 5.021008459356513 4.954695368771687 4.926807576492184 31.493793643599926 36.2346838321312 31.50766566322485 31.692666388605556 36.93470372448656 31.70138912534003 23.864555359555837 24.0897241743124 26.411524970453392 26.422315890699267 31.423580554952572 28.904046055626043 28.988138534285547 31.723238843704003 31.861641541172695 37.83368513738321 31.866085759868717 31.458324109933 35.309699037499925 31.490056691719147 31.487788967379696 36.18743917338155 31.502201608648 31.47396195904129 41.40668613343593 31.47407747919392 25.428167297273276 22.753401611102667
"HIP 112491" 341.7881774902344 -32.67523193359375 28.07 2.6791826689388753e-13 270.2693034611684 13.914869994115875 2.5649587891347534 14.14057561706968 0.06737704228563017 113.81171668299385 "HIP 112491 9" Neptunian 4.178437535339009 2.296186104738984 200.0 2.890154827112356 G6V 0.9892555927100335 5468.4090187676065 0.8899721531738383 4.534623305552427 5.85 None -22.624547436199066 6.080595471895583 7.207411989693532 0.6967312234778287 0.8011177743518415 5.901369404126076 6.118026900218789 5.829908116954513 5.83560983143696 6.15805901330469 6.344726517340508 5.900667426531032 5.896066698576553 5.834943478165026 5.810936254219686 33.42080866164375 36.70639368770112 33.4747897704876 33.61264342214693 37.40641358005648 33.646132004086105 24.338885912068125 24.56143402988232 26.891304865865777 26.894025746269186 33.39520219004325 29.437509946166372 29.459848389855466 33.665338536190504 33.76884794346388 38.305394992953126 33.78561491312843 33.33700823159635 35.781408893069845 33.4577591488941 33.413998741963354 36.65914902895147 33.47008191254781 33.446624407570184 41.87839598900585 33.44708477835801 25.899877152843196 23.225111466672583
"HIP 57387" 176.48379516601562 72.09554290771484 27.02 1.2152106877073456e-11 191.83294653579546 5.233327024751464 1.7091405302043985 4.874006634898203 0.36032445484445164 112.59717889624636 "HIP 57387 15" Terran 0.6468880857077839 1.175873534562306 200.0 2.66126300281754 K8V 0.7476776702155583 4368.44640044032 0.7411179105882805 4.572007419744794 6.049999999999999 None -20.772887109146705 10.749088781830773 10.770040219165162 1.4431334680766272 0.3845513886567904 6.1388416074368966 6.479971657808567 6.011295051963951 6.041397159504744 6.531797760408418 6.877281901483753 6.136337571274354 6.129361762632128 6.02133376675634 5.974161616773699 33.63128907931512 38.07684069151808 33.649534235962946 33.94002933173567 38.776860583873436 33.95272126362314 25.707476217533905 25.931881033699277 28.256068273748408 28.264472750086146 33.538301954131086 30.772533785656833 30.830295393672422 33.98649916595477 34.24736969184177 39.67584199677008 34.25471149830413 33.590249931339365 37.1518558968868 33.631877480623814 33.62167001989721 38.029596032768424 33.64056416577073 33.583114414479084 43.24884299282281 33.58326214234835 27.270324156660152 24.59555847048954
"HIP 59816 A" 183.9938201904297 5.640322208404541 28.99 2.453713601163618e-10 115.89427429619407 3.3984856920807527 1.4197184828467875 3.7167548503102044 0.5062158191973651 24.091848991595032 "HIP 59816 A" Neptunian 7.571698553409853 2.488307803406426 200.0 3.0785401942982595 K8V 0.7772365084737646 4269.855325050131 0.6372031032821133 4.720065055020587 6.469999999999999 None -7.41214214044539 13.390269139629654 5.559909662894937 1.6322707743450435 0.2881929141722223 6.579004196184865 6.932314477303516 6.3667729725928 6.440074000119978 6.979961309876187 7.345904563211927 6.58551542388916 6.569029062475406 6.3783544288557845 6.324330905142088 32.16862286401172 36.60193761621108 32.18707658439278 32.4897426902794 37.301957508566446 32.50272741507641 24.23239395124524 24.456977958392283 26.780921875358864 26.789569674779155 32.032289685286244 29.298700712398833 29.355392318365432 32.532437078901516 32.81255642202233 38.20093892146309 32.82017535610098 32.13572388580543 35.67695282157981 32.1781556870607 32.158526691004425 36.554692957461434 32.17762841462642 32.10080060280446 41.77393991751582 32.10094732571664 25.795421081353158 23.12065539518255
"HIP 114719" 348.5681457519531 -19.644418716430664 19.83 2.7451545903143206e-11 49.920150629019076 2.0508188011989166 2.637865204381398 2.4560907359908297 0.3753832525067561 118.6483936901419 "HIP 114719 8" Neptunian 5.234735038800478 2.372344415199538 200.0 2.9596943066554546 K7V 0.5683150358958975 3870.2956395244883 0.33318881969114783 5.147275933573601 6.470000000000001 None 21.268914020174627 10.740113070650398 12.57353474211279 0.6941873720611695 0.8023868933364372 6.620641296494719 6.977859926188104 6.214778659043842 6.392436252865642 7.01487338642086 7.392941121607681 6.648102202704671 6.610426141936813 6.2291896823247885 6.163364204500022 30.316071730394754 35.88094191897547 30.322544201131855 30.63669147352373 36.58096181133083 30.64125108447316 23.5043535763365 23.73598226115667 26.04173297903195 26.068573977543537 30.07243996053369 28.478127140122453 28.634396621129813 30.65995025986455 30.956882065926806 37.479943224227476 30.9595552840118 30.317993116204907 34.955957124344195 30.333254270116512 30.306205074868465 35.83369726022582 30.312904950358277 30.196499338960237 41.0529442202802 30.196548674085413 25.074425384117546 22.399659697946937
"HIP 34739" 107.88197326660156 -49.42619323730469 27.65 9.414322765253288e-11 228.88685212611077 11.242683277693738 0.5979134330715132 11.348592288663912 0.09510148051601366 64.13476899528831 "HIP 34739 5" Neptunian 64.85487787581154 4.777539159296802 200.0 3.4446892169292256 G8V 0.9483879299005274 5567.728737397792 0.8773946595097646 4.528663672132163 5.77 None 6.339687647053246 3.9871898121538707 7.748482451076788 2.4094057257894965 0.03945764493715125 5.814651020410255 6.01186418882882 5.756639912866916 5.758016957138943 6.05039419731892 6.2150572493263105 5.813754614336531 5.810027680969119 5.76072633187477 5.741169991685574 34.05506342905379 35.082671447979585 34.58838314718501 34.387501339571806 35.78269134033495 34.739123743035705 22.71597498524738 22.937711790160783 25.270086432821287 25.270303506547652 34.5179876138916 27.834275854940962 27.836126150133932 34.75640911973858 34.67099122172666 36.681672753231595 34.85634209760531 33.59220917162193 34.157686653348314 34.5709766177313 34.0340697161836 35.03542678922993 34.58437512112902 34.561824607539045 40.254673749284315 34.567575487884895 24.27615491312166 21.60138922695105
