sim_data/Simulated_table/Simulated_Pull_HARMONI_NO_SP_JQ1_BT-Settl+PICASO.ecsv
# %ECSV 1.0
# ---
# datatype:
# - {name: StarName, datatype: string}
# - {name: RA, datatype: float64}
# - {name: Dec, datatype: float64}
# - {name: Distance, unit: pc, datatype: float64}
# - {name: Flux Ratio, datatype: float64}
# - {name: AngSep, unit: mas, datatype: float64}
# - {name: ProjAU, unit: AU, datatype: float64}
# - {name: Phase, unit: rad, datatype: float64}
# - {name: SMA, unit: AU, datatype: float64}
# - {name: Ecc, datatype: float64}
# - {name: Inc, unit: deg, datatype: float64}
# - {name: PlanetName, datatype: string}
# - {name: PlanetType, datatype: string}
# - {name: PlanetMass, unit: earthMass, datatype: float64}
# - {name: PlanetRadius, unit: earthRad, datatype: float64}
# - {name: PlanetTeq, unit: K, datatype: float64}
# - {name: PlanetLogg, unit: dex(cm / s2), datatype: float64}
# - {name: StarSpT, datatype: string}
# - {name: StarMass, unit: solMass, datatype: float64}
# - {name: StarTeff, unit: K, datatype: float64}
# - {name: StarRad, unit: solRad, datatype: float64}
# - {name: StarLogg, unit: dex(cm / s2), datatype: float64}
# - {name: StarKmag, datatype: float64}
# - {name: DiscoveryMethod, datatype: string}
# - {name: StarRadialVelocity, unit: km / s, datatype: float64}
# - {name: StarVsini, unit: km / s, datatype: float64}
# - {name: DeltaRadialVelocity, unit: km / s, datatype: float64}
# - {name: alpha, datatype: float64}
# - {name: g_alpha, datatype: float64}
# - {name: StarINSTRUmag(HARMONI), datatype: float64}
# - {name: StarINSTRUmag(ERIS), datatype: float64}
# - {name: StarINSTRUmag(MIRIMRS), datatype: float64}
# - {name: StarINSTRUmag(NIRCam), datatype: float64}
# - {name: StarJmag, datatype: float64}
# - {name: StarHmag, datatype: float64}
# - {name: StarHKmag, datatype: float64}
# - {name: StarCHANNEL1mag, datatype: float64}
# - {name: StarCHANNEL2mag, datatype: float64}
# - {name: PlanetINSTRUmag(HARMONI)(thermal+reflected), datatype: float64}
# - {name: PlanetINSTRUmag(HARMONI)(thermal), datatype: float64}
# - {name: PlanetINSTRUmag(HARMONI)(reflected), datatype: float64}
# - {name: PlanetINSTRUmag(ERIS)(thermal+reflected), datatype: float64}
# - {name: PlanetINSTRUmag(ERIS)(thermal), datatype: float64}
# - {name: PlanetINSTRUmag(ERIS)(reflected), datatype: float64}
# - {name: PlanetINSTRUmag(MIRIMRS)(thermal+reflected), datatype: float64}
# - {name: PlanetINSTRUmag(MIRIMRS)(thermal), datatype: float64}
# - {name: PlanetINSTRUmag(NIRCam)(thermal+reflected), datatype: float64}
# - {name: PlanetINSTRUmag(NIRCam)(thermal), datatype: float64}
# - {name: PlanetINSTRUmag(NIRCam)(reflected), datatype: float64}
# - {name: PlanetJmag(thermal+reflected), datatype: float64}
# - {name: PlanetJmag(thermal), datatype: float64}
# - {name: PlanetJmag(reflected), datatype: float64}
# - {name: PlanetHmag(thermal+reflected), datatype: float64}
# - {name: PlanetHmag(thermal), datatype: float64}
# - {name: PlanetHmag(reflected), datatype: float64}
# - {name: PlanetHKmag(thermal+reflected), datatype: float64}
# - {name: PlanetHKmag(thermal), datatype: float64}
# - {name: PlanetHKmag(reflected), datatype: float64}
# - {name: PlanetKmag(thermal+reflected), datatype: float64}
# - {name: PlanetKmag(thermal), datatype: float64}
# - {name: PlanetKmag(reflected), datatype: float64}
# - {name: PlanetCHANNEL1mag(thermal), datatype: float64}
[...]
#     StarTeff:
#       __class__: astropy.units.quantity.Quantity
#       unit: *id002
#       value: !astropy.table.SerializedColumn {name: StarTeff}
#     StarVsini:
#       __class__: astropy.units.quantity.Quantity
#       unit: !astropy.units.Unit {unit: km / s}
#       value: !astropy.table.SerializedColumn {name: StarVsini}
# schema: astropy-2.0
StarName RA Dec Distance "Flux Ratio" AngSep ProjAU Phase SMA Ecc Inc PlanetName PlanetType PlanetMass PlanetRadius PlanetTeq PlanetLogg StarSpT StarMass StarTeff StarRad StarLogg StarKmag DiscoveryMethod StarRadialVelocity StarVsini DeltaRadialVelocity alpha g_alpha StarINSTRUmag(HARMONI) StarINSTRUmag(ERIS) StarINSTRUmag(MIRIMRS) StarINSTRUmag(NIRCam) StarJmag StarHmag StarHKmag StarCHANNEL1mag StarCHANNEL2mag PlanetINSTRUmag(HARMONI)(thermal+reflected) PlanetINSTRUmag(HARMONI)(thermal) PlanetINSTRUmag(HARMONI)(reflected) PlanetINSTRUmag(ERIS)(thermal+reflected) PlanetINSTRUmag(ERIS)(thermal) PlanetINSTRUmag(ERIS)(reflected) PlanetINSTRUmag(MIRIMRS)(thermal+reflected) PlanetINSTRUmag(MIRIMRS)(thermal) PlanetINSTRUmag(NIRCam)(thermal+reflected) PlanetINSTRUmag(NIRCam)(thermal) PlanetINSTRUmag(NIRCam)(reflected) PlanetJmag(thermal+reflected) PlanetJmag(thermal) PlanetJmag(reflected) PlanetHmag(thermal+reflected) PlanetHmag(thermal) PlanetHmag(reflected) PlanetHKmag(thermal+reflected) PlanetHKmag(thermal) PlanetHKmag(reflected) PlanetKmag(thermal+reflected) PlanetKmag(thermal) PlanetKmag(reflected) PlanetCHANNEL1mag(thermal) PlanetCHANNEL2mag(thermal) SNR_band name_band SNR_INSTRU SNR_J SNR_H SNR_HK SNR_K SNR_CHANNEL1 SNR_CHANNEL2
[from data line 836]
"HIP 5027" 16.100723266601562 -25.60422706604004 24.0 1.1154751889810668e-09 59.07788107993935 1.5506704470225352 1.1539214596963647 2.016512825593341 0.36912614817236405 70.38927185839225 "HIP 5027 8" Neptunian 19.927225729395776 1.9265612872916749 200.0 3.7210362638680565 K4V 0.6812121027375599 4328.442414749455 0.4409648176495033 4.982542101160405 6.84 None -23.787158118977583 0.40890657204944114 16.308022317935382 1.9621264046932914 0.15104840968765793 6.928841607436897 7.269971657808567 6.801295051963951 6.831397159504745 7.667281901483754 6.926337571274354 6.919361762632129 6.81133376675634 6.764161616773699 32.446423793398964 36.74735910941775 32.46559309847481 32.75427967706584 37.447379001773115 32.768780126135006 24.378337773267972 24.60239945159895 26.9276374851667 26.93499116798582 32.354360816642945 33.06237945134107 38.34636041466976 33.070770360816 32.39891849094515 35.82237431478647 32.44793634313568 32.437034957563135 36.700114450668096 32.4566230282826 32.39962038471138 41.91936141072248 32.39932100486021 25.940842574559824 23.266076888389215 [1.6815247805473553e-05,2.1809505776745674e-05,1.918092457560372e-05,1.1687933307255043e-05,8.222633022965916e-06,1.2174580961225347e-05] "[""HK"",""H"",""H_high"",""K"",""K1_high"",""K2_high""]" 2.1809505776745674e-05 nan 2.1809505776745674e-05 1.6815247805473553e-05 1.2174580961225347e-05 nan nan
"HIP 7576" 24.397357940673828 -6.760186195373535 23.95 2.91200911471707e-12 599.97296703514 17.090619320774216 0.9987117554626985 12.770911916423103 0.3523497904899723 33.00016820141038 "HIP 7576 2" Neptunian 4.890398285974189 1.6197148665827859 200.0 3.261622175749301 K0V 0.9225646009223477 5280.671926994783 0.7848436180573967 4.613498151556827 5.76 None -21.445921228297557 7.061632325537277 4.360082777501553 1.8701065996240842 0.18481968594497694 5.817046614926271 6.0547985610166455 5.7388284483341945 5.746707146162286 6.308062663670569 5.815542788635801 5.811008459356511 5.744695368771685 5.716807576492182 35.2967824354666 37.119551793854725 35.519418104626155 35.56737031513728 37.81957168621008 35.713141566741335 24.75272865414023 24.974592136035923 27.30657523702787 27.30718385242279 35.43533299635388 35.801272334884516 38.71855309910673 35.87783820127002 35.04026937764437 36.19456699922345 35.501809133120446 35.28367220395715 37.07230713510506 35.51395405004931 35.48438978195462 42.291554095159455 35.48582992059523 26.3130352589968 23.63826957282619 [1.8553773909337887e-05,2.5237987259748673e-05,2.5100022621486427e-05,3.825113140318566e-06,2.4817737313623965e-06,3.6984021438859883e-06] "[""HK"",""H"",""H_high"",""K"",""K1_high"",""K2_high""]" 2.5237987259748673e-05 nan 2.5237987259748673e-05 1.8553773909337887e-05 3.825113140318566e-06 nan nan
"HIP 26369" 84.22945404052734 -47.963382720947266 25.63 1.0602513493959336e-10 92.23971046394976 2.411816522968774 1.3715553606591764 2.8866060068184343 0.2926142781065425 59.8904211152969 "HIP 26369 8" Terran 1.3579515607468957 1.003465760275681 200.0 3.1210342439163448 K6V 0.6985681175846556 4289.198896803435 0.4600999881517059 4.9565719438400295 6.909999999999999 None 13.594667235455368 4.159676521839685 12.675206169950627 1.7428629489803686 0.23737774512372736 7.019004196184866 7.372314477303517 6.8067729725928 6.8800740001199765 7.785904563211926 7.025515423889161 7.009029062475406 6.818354428855785 6.764330905142089 34.23643138352429 38.306447286412244 34.26081051745072 34.558261118940855 39.0064671787676 34.57646134813436 25.937743848454616 26.161487628593445 28.48791745910288 28.494079344980314 34.10602361834419 34.88321950618307 39.90544859166425 34.89390928915893 34.190911662351866 37.381462491780965 34.25188962011865 34.226309458960124 38.25920262766259 34.25136234768436 34.17495944079117 43.47844958771698 34.174681258774584 27.499930751554317 24.825165065383707 [6.662793023275668e-06,8.635068997207319e-06,7.652847335059477e-06,4.3968839119780986e-06,3.069778614559206e-06,4.5695346265778815e-06] "[""HK"",""H"",""H_high"",""K"",""K1_high"",""K2_high""]" 8.635068997207319e-06 nan 8.635068997207319e-06 6.662793023275668e-06 4.5695346265778815e-06 nan nan
"HIP 80268" 245.7827606201172 -24.708139419555664 16.44 4.950087483967345e-13 1100.801535646372 30.56700521659154 2.5079931849151618 25.71243989404577 0.49791541362089026 72.10700990599551 "HIP 80268 4" Neptunian 108.90593069523374 5.364016415178608 200.0 3.569226416300895 M2V 0.5298049858577492 3854.6800562527155 0.3110148506437075 5.176621415030627 6.380000000000001 None -3.0209417894649064 12.69672551433757 4.069888845588163 0.6967656341173538 0.8011005895467236 6.53064129649472 6.887859926188104 6.124778659043841 6.302436252865641 7.302941121607681 6.558102202704671 6.520426141936813 6.139189682324789 6.07336420450002 32.87810608285411 33.70227562193242 33.56221875820268 33.35803654186085 34.402295514287786 33.88092564154399 21.335581309291506 21.557315964113624 23.889722836816368 23.889907680500496 33.31211451760451 33.863472924280416 35.30127692718443 34.19922984108262 32.35062773489787 32.77729082730115 33.57292882718734 32.850758609116404 33.655030963182774 33.5525795074291 33.42947169901183 38.87427792323716 33.436223231156234 22.8957590870745 20.22099340090389 [0.0006149248425877661,0.0008361774334514684,0.0008270524508411612,3.336157217102604e-05,2.1909965743898906e-05,3.168435201513596e-05] "[""HK"",""H"",""H_high"",""K"",""K1_high"",""K2_high""]" 0.0008361774334514684 nan 0.0008361774334514684 0.0006149248425877661 3.336157217102604e-05 nan nan
"HIP 21482" 69.20037841796875 27.132551193237305 17.97 3.0286064138625007e-13 373.01997674595 10.424367942903347 2.443146037915964 9.01269476442961 0.2374152021283095 129.86409365411373 "HIP 21482 14" Terran 1.4429144759973767 1.5670738115323906 200.0 2.760216766695542 K2V 0.7596336959393005 4514.792642720805 0.6578523750040363 4.682414954419952 5.24 None -10.320468985450525 16.625964904555463 6.637207825036228 0.9424162750778736 0.6690026237872618 5.319788958812948 5.6325904741037744 5.206144418568828 5.227085102940183 5.9878278372410865 5.317639139930001 5.311252532034781 5.215114268038676 5.17285613170968 32.90425510198604 36.56751016822548 32.94042734157969 33.18798932022161 37.26753006058084 33.21363576776762 24.19958362688527 24.42255051040668 26.751130218640228 26.755142226793545 32.834041887596115 33.46108288081447 38.166511473477485 33.475418513167384 32.83614382089838 35.642525373594204 32.92287879291091 32.89521801240466 36.52026550947583 32.932412383957754 32.88364178269756 41.73951246953021 32.88342117830656 25.760993633367555 23.086227947196942 [2.9457284749762756e-05,3.855484744542271e-05,3.56297790296577e-05,3.0491333138967028e-05,2.113724365680374e-05,3.144203045080533e-05] "[""HK"",""H"",""H_high"",""K"",""K1_high"",""K2_high""]" 3.855484744542271e-05 nan 3.855484744542271e-05 2.9457284749762756e-05 3.144203045080533e-05 nan nan
"HIP 14101" 45.46502685546875 -16.592632293701172 6.95 5.761847950282582e-13 3846.55428365355 34.50857313457441 2.255363101220518 29.27685010485694 0.2518844825517256 131.61662763006441 "HIP 14101 2" Neptunian 40.92798844661692 4.705078380027714 200.0 3.2580417570394076 M2V 0.46295178395502457 3567.709122237435 0.13306441043019177 5.8554795611199575 6.499999999999999 None 8.790009325965876 5.548486896340812 2.8004568687079234 1.0784000093444241 0.5909594754181765 6.668456443627392 7.020495408561961 6.177666211686036 6.40823691692867 7.425487983892454 6.700119559645139 6.65828762288248 6.192795785709652 6.124494218035811 32.01222206694504 32.11730675718583 34.59797374565659 32.66987332405342 32.81732664954119 34.91044008740673 19.750673912611983 19.972347099367024 22.304921717786677 22.304938815753893 34.3118798667089 33.473451356137616 33.71630806243783 35.218552783124785 31.146763765118287 31.192321962554548 34.611733890431 31.96840812503964 32.07006209843617 34.588416826122234 34.37964879760001 37.28930905849055 34.456310847645696 21.3107902223279 18.63602453615729 [0.00280774008193966,0.003810014663213433,0.0037679646236217575,2.3268420872844894e-05,1.2329115929396603e-05,1.378031313580254e-05] "[""HK"",""H"",""H_high"",""K"",""K1_high"",""K2_high""]" 0.003810014663213433 nan 0.003810014663213433 0.00280774008193966 2.3268420872844894e-05 nan nan
"HIP 43587" 133.1505584716797 28.331388473510742 12.34 2.0951462604755953e-12 452.85384627489407 5.591715802104256 1.535416303347323 4.994399781224416 0.26301621202238457 142.21372076349041 "HIP 43587 2" Terran 0.09315488439396027 0.6812708522223003 200.0 2.293721096571374 G8V 0.9706425615221439 5078.230006431863 0.9566353215912277 4.463634133653563 7.64 None 1.2984266064509349 1.8887156211040979 8.045289860780157 1.59247147237839 0.30754792608549764 7.703321967774067 7.96472485968618 7.616249188315778 7.627342931773686 8.248837655971743 7.700994660933721 7.6964925867782705 7.6230319799419 7.590868142114326 36.29198317868931 37.56019380403487 36.694660693474 36.637600349699994 38.26021369639023 36.91345653018795 25.19346698517165 25.415234146216065 27.747514842674114 27.747825862602934 36.6050106047407 36.95467724623558 39.15919510928688 37.10747553749684 35.9023906146134 36.635209009403596 36.67646889946951 36.27303656430106 37.51294914528521 36.68838750715046 36.651156671282074 42.7321961053396 36.654599341383694 26.75367726917694 24.07891158300633 [2.9445563048287082e-05,3.944202999298598e-05,3.7897680747376235e-05,2.867142591019174e-06,1.6881487858696638e-06,2.4340157062123227e-06] "[""HK"",""H"",""H_high"",""K"",""K1_high"",""K2_high""]" 3.944202999298598e-05 nan 3.944202999298598e-05 2.9445563048287082e-05 2.867142591019174e-06 nan nan
"HIP 58803" 180.913818359375 -42.43378829956055 25.32 1.3067017569654853e-12 270.5673864175706 7.0227196546363935 1.7925434079358133 7.1863448295968615 0.10761997175232509 88.33005344458236 "HIP 58803 11" Terran 1.2250083394393232 1.336612617506138 218.09922061395648 2.827283014182368 F5V 1.3890457495374222 6775.501819033036 1.6011674620144234 4.171910665086166 4.08 None -23.567787429503802 14.397957326090934 13.089210245112513 1.3491449989043836 0.43595370880725715 4.103236326761128 4.20405511924894 4.07530557702027 4.075986748040006 4.301523323399609 4.105838694984782 4.101358715819967 4.075488956126621 4.074398183502412 32.03343350802247 36.14263198502727 32.056632674966586 32.08560932925147 36.74043473271392 32.10063367476951 24.729235696185754 25.083738467964846 26.953445887902046 26.963709579067135 32.01962555165925 32.104036105270566 37.31837409905416 32.11298517117231 31.98241169281342 35.2186486474397 32.0397906881003 32.03141454171127 36.095289037476206 32.05546548226003 32.061297283541606 40.87605794603321 32.06106405862794 26.273619546803047 23.793903177643536 [3.528284492842341e-05,4.785108286673496e-05,4.248062226846405e-05,2.9502042674374884e-05,2.0889749662451104e-05,2.9950498936585494e-05] "[""HK"",""H"",""H_high"",""K"",""K1_high"",""K2_high""]" 4.785108286673496e-05 nan 4.785108286673496e-05 3.528284492842341e-05 2.9950498936585494e-05 nan nan
"HIP 87464" 268.06976318359375 -7.561264991760254 29.99 1.6904523649447586e-11 83.19519342896515 2.9447184915070044 2.1307349129127706 3.735387534660158 0.27474432882313865 140.4954631820835 "HIP 87464 2" Terran 0.6073273931454173 1.1365102814641557 200.0 2.663431214256839 K5V 0.6857988306342728 4409.234032365268 0.4932943613370075 4.88805206509468 6.969999999999999 None 7.780565613984962 18.335118514038236 8.118512517186597 1.2261377799799047 0.5055957241683501 7.058841607436896 7.399971657808566 6.93129505196395 6.961397159504744 7.797281901483753 7.056337571274353 7.049361762632128 6.941333766756339 6.894161616773698 33.75481273074453 38.377232531180404 33.76859569468524 34.06103330850715 39.07725242353577 34.07178272234543 26.007371074652575 26.2322728733616 28.55493941314218 28.564864589748467 33.65736341285337 34.36755716868633 39.976233836432414 34.37377295702643 33.7140444119241 37.452247736549126 33.750938939346106 33.74561549715199 38.32998787243075 33.75962562449303 33.70266690585057 43.54923483248513 33.702323601070646 27.570715996322477 24.895950310151868 [7.235393821084662e-06,9.257967370852749e-06,7.69855693329092e-06,6.827373151810391e-06,4.73181033184128e-06,7.069352586569449e-06] "[""HK"",""H"",""H_high"",""K"",""K1_high"",""K2_high""]" 9.257967370852749e-06 nan 9.257967370852749e-06 7.235393821084662e-06 7.069352586569449e-06 nan nan
"HIP 94761" 289.2316589355469 5.172141075134277 5.85 1.1466761576117519e-12 3084.4411313748024 19.032631721298625 1.2470646316881389 22.134986549409845 0.2979105315545506 48.11963366396522 "HIP 94761 4" Terran 0.5649917473318671 1.1178262187277062 200.0 2.646448602573659 M2V 0.5078173310679676 3854.6800562527155 0.18366871160338405 5.615704786891337 4.669999999999999 None -26.680061103056612 11.14120891782397 3.3588932675385217 1.8099116503634889 0.2088584831136193 4.820641296494718 5.177859926188102 4.414778659043839 4.592436252865639 5.59294112160768 4.84810220270467 4.81042614193681 4.429189682324786 4.3633642045000185 34.62670335771986 34.86412491835521 36.392064984435905 35.2400685362703 35.564144810710566 36.71077186777721 22.49748403292125 22.719165260536407 25.051717199663855 25.051756976923272 36.141960743837735 35.95706041732398 36.46312622360721 37.02907606731584 33.832233618115175 33.93914012372393 36.40277505342056 34.58676696631424 34.816880259605554 36.38242573366232 36.23334483142981 40.03612721965994 36.266069457389456 24.05760838349728 21.38284269732667 [9.411651943843312e-05,0.00013000658460188372,0.00013236622530314265,1.2875898506520273e-06,8.799139550727396e-07,1.1648174139065834e-06] "[""HK"",""H"",""H_high"",""K"",""K1_high"",""K2_high""]" 0.00013236622530314265 nan 0.00013236622530314265 9.411651943843312e-05 1.2875898506520273e-06 nan nan
"HIP 82621" 253.35523986816406 -20.415489196777344 26.94 3.0896187224796586e-12 871.0674618942135 23.63343139658995 1.451890870307707 16.53553857372399 0.4581401296290269 7.420686703894761 "HIP 82621 3" Neptunian 9.987698194071758 2.737905882710082 200.0 3.1157834626289467 G5IV 1.219717271024424 5636.113022413328 1.7753917254097715 4.025738417857773 4.23 None -6.236886126216437 19.29306776228405 1.044781538608388 1.5861178357187533 0.31068679065677096 4.274568232622159 4.472755962046781 4.218869476531625 4.2191919340711 4.677146387219881 4.274206519368428 4.269873587731023 4.223140170648029 4.202710604687049 32.78912188036577 36.235112429481404 32.83414711224579 32.95769906040353 36.93513232183676 32.985907593816165 23.86746828474032 24.090152771662602 26.41959550172087 26.42274448804947 32.765053476419475 33.09043223502691 37.83411373473341 33.10426840906662 32.711405175569844 35.310127634850126 32.817247651245054 32.7834626582411 36.18786777073175 32.830068053058284 32.81351087654862 41.407114730786134 32.81328471963321 25.428595894623474 22.753830208452865 [2.3935223320982468e-05,3.203647649910518e-05,3.0370910545032418e-05,2.0779663017033506e-05,1.4790535416221676e-05,2.2303782722025943e-05] "[""HK"",""H"",""H_high"",""K"",""K1_high"",""K2_high""]" 3.203647649910518e-05 nan 3.203647649910518e-05 2.3935223320982468e-05 2.2303782722025943e-05 nan nan
