sim_data/Simulated_table/Simulated_Pull_HARMONI_NO_SP_JQ1_BT-Settl+PICASO.ecsv
# %ECSV 1.0
# ---
# datatype:
# - {name: StarName, datatype: string}
# - {name: RA, datatype: float64}
# - {name: Dec, datatype: float64}
# - {name: Distance, unit: pc, datatype: float64}
# - {name: Flux Ratio, datatype: float64}
# - {name: AngSep, unit: mas, datatype: float64}
# - {name: ProjAU, unit: AU, datatype: float64}
# - {name: Phase, unit: rad, datatype: float64}
# - {name: SMA, unit: AU, datatype: float64}
# - {name: Ecc, datatype: float64}
# - {name: Inc, unit: deg, datatype: float64}
# - {name: PlanetName, datatype: string}
# - {name: PlanetType, datatype: string}
# - {name: PlanetMass, unit: earthMass, datatype: float64}
# - {name: PlanetRadius, unit: earthRad, datatype: float64}
# - {name: PlanetTeq, unit: K, datatype: float64}
# - {name: PlanetLogg, unit: dex(cm / s2), datatype: float64}
# - {name: StarSpT, datatype: string}
# - {name: StarMass, unit: solMass, datatype: float64}
# - {name: StarTeff, unit: K, datatype: float64}
# - {name: StarRad, unit: solRad, datatype: float64}
# - {name: StarLogg, unit: dex(cm / s2), datatype: float64}
# - {name: StarKmag, datatype: float64}
# - {name: DiscoveryMethod, datatype: string}
# - {name: StarRadialVelocity, unit: km / s, datatype: float64}
# - {name: StarVsini, unit: km / s, datatype: float64}
# - {name: DeltaRadialVelocity, unit: km / s, datatype: float64}
# - {name: alpha, datatype: float64}
# - {name: g_alpha, datatype: float64}
# - {name: StarINSTRUmag(HARMONI), datatype: float64}
# - {name: StarINSTRUmag(ERIS), datatype: float64}
# - {name: StarINSTRUmag(MIRIMRS), datatype: float64}
# - {name: StarINSTRUmag(NIRCam), datatype: float64}
# - {name: StarJmag, datatype: float64}
# - {name: StarHmag, datatype: float64}
# - {name: StarHKmag, datatype: float64}
# - {name: StarCHANNEL1mag, datatype: float64}
# - {name: StarCHANNEL2mag, datatype: float64}
# - {name: PlanetINSTRUmag(HARMONI)(thermal+reflected), datatype: float64}
# - {name: PlanetINSTRUmag(HARMONI)(thermal), datatype: float64}
# - {name: PlanetINSTRUmag(HARMONI)(reflected), datatype: float64}
# - {name: PlanetINSTRUmag(ERIS)(thermal+reflected), datatype: float64}
# - {name: PlanetINSTRUmag(ERIS)(thermal), datatype: float64}
# - {name: PlanetINSTRUmag(ERIS)(reflected), datatype: float64}
# - {name: PlanetINSTRUmag(MIRIMRS)(thermal+reflected), datatype: float64}
# - {name: PlanetINSTRUmag(MIRIMRS)(thermal), datatype: float64}
# - {name: PlanetINSTRUmag(NIRCam)(thermal+reflected), datatype: float64}
# - {name: PlanetINSTRUmag(NIRCam)(thermal), datatype: float64}
# - {name: PlanetINSTRUmag(NIRCam)(reflected), datatype: float64}
# - {name: PlanetJmag(thermal+reflected), datatype: float64}
# - {name: PlanetJmag(thermal), datatype: float64}
# - {name: PlanetJmag(reflected), datatype: float64}
# - {name: PlanetHmag(thermal+reflected), datatype: float64}
# - {name: PlanetHmag(thermal), datatype: float64}
# - {name: PlanetHmag(reflected), datatype: float64}
# - {name: PlanetHKmag(thermal+reflected), datatype: float64}
# - {name: PlanetHKmag(thermal), datatype: float64}
# - {name: PlanetHKmag(reflected), datatype: float64}
# - {name: PlanetKmag(thermal+reflected), datatype: float64}
# - {name: PlanetKmag(thermal), datatype: float64}
# - {name: PlanetKmag(reflected), datatype: float64}
# - {name: PlanetCHANNEL1mag(thermal), datatype: float64}
[...]
#     StarTeff:
#       __class__: astropy.units.quantity.Quantity
#       unit: *id002
#       value: !astropy.table.SerializedColumn {name: StarTeff}
#     StarVsini:
#       __class__: astropy.units.quantity.Quantity
#       unit: !astropy.units.Unit {unit: km / s}
#       value: !astropy.table.SerializedColumn {name: StarVsini}
# schema: astropy-2.0
StarName RA Dec Distance "Flux Ratio" AngSep ProjAU Phase SMA Ecc Inc PlanetName PlanetType PlanetMass PlanetRadius PlanetTeq PlanetLogg StarSpT StarMass StarTeff StarRad StarLogg StarKmag DiscoveryMethod StarRadialVelocity StarVsini DeltaRadialVelocity alpha g_alpha StarINSTRUmag(HARMONI) StarINSTRUmag(ERIS) StarINSTRUmag(MIRIMRS) StarINSTRUmag(NIRCam) StarJmag StarHmag StarHKmag StarCHANNEL1mag StarCHANNEL2mag PlanetINSTRUmag(HARMONI)(thermal+reflected) PlanetINSTRUmag(HARMONI)(thermal) PlanetINSTRUmag(HARMONI)(reflected) PlanetINSTRUmag(ERIS)(thermal+reflected) PlanetINSTRUmag(ERIS)(thermal) PlanetINSTRUmag(ERIS)(reflected) PlanetINSTRUmag(MIRIMRS)(thermal+reflected) PlanetINSTRUmag(MIRIMRS)(thermal) PlanetINSTRUmag(NIRCam)(thermal+reflected) PlanetINSTRUmag(NIRCam)(thermal) PlanetINSTRUmag(NIRCam)(reflected) PlanetJmag(thermal+reflected) PlanetJmag(thermal) PlanetJmag(reflected) PlanetHmag(thermal+reflected) PlanetHmag(thermal) PlanetHmag(reflected) PlanetHKmag(thermal+reflected) PlanetHKmag(thermal) PlanetHKmag(reflected) PlanetKmag(thermal+reflected) PlanetKmag(thermal) PlanetKmag(reflected) PlanetCHANNEL1mag(thermal) PlanetCHANNEL2mag(thermal) SNR_band name_band SNR_INSTRU SNR_J SNR_H SNR_HK SNR_K SNR_CHANNEL1 SNR_CHANNEL2
[from data line 1115]
"HIP 15774" 50.82064437866211 -49.992576599121094 19.25 6.550887651525989e-10 186.833356464199 3.8964527601110035 1.175882771852096 4.723702048885059 0.22755981162699598 23.220739904290927 "HIP 15774 12" Neptunian 75.52762703117355 5.2680346066881665 200.0 3.4259636834487885 K3V 0.7329530936080478 4580.719962436781 0.5488064868808762 4.82430533736992 5.91 None -26.104781699895536 1.9035957249817126 4.62653594699938 1.7230727780822908 0.24613470705451254 5.989788958812948 6.302590474103775 5.8761444185688285 5.897085102940184 6.657827837241087 5.9876391399300015 5.981252532034782 5.885114268038677 5.842856131709681 30.616602752557725 34.08412761997278 30.660408086380123 30.90276145966907 34.78414751232814 30.933616512568047 21.716423071899893 21.93916796215398 24.26843190768245 24.27175967854085 30.55402263239655 31.178133930824337 35.683128925224786 31.195399257967814 30.539389908769998 33.159142825341505 30.642859537711335 30.607293268250476 34.03688296122313 30.65239312875819 30.603558380462342 39.25612992127751 30.60340192310699 23.277611085114852 20.602845398944247 [0.000302241886032712,0.0003956803955534709,0.0003688743127214896,0.00018543148064038687,0.00012541429022184627,0.00018783725729826627] "[""HK"",""H"",""H_high"",""K"",""K1_high"",""K2_high""]" 0.0003956803955534709 nan 0.0003956803955534709 0.000302241886032712 0.00018783725729826627 nan nan
"HIP 77358" 236.87254333496094 -37.91579055786133 15.35 1.9842154607335592e-13 586.9485576330896 14.393483552024536 2.465238267333626 13.738395019604166 0.19272266329477267 123.33371936352678 "HIP 77358 1" Neptunian 2.2462967033853345 1.8276017153301216 200.0 2.818859087711858 G6IV 1.056267755321781 5534.196696466729 0.9791634309033145 4.480131278822509 4.32 None 16.68691897497704 0.028977229475664057 6.900041509667131 0.861156562698088 0.7144270623215424 4.364651020410256 4.561864188828821 4.306639912866917 4.3080169571389435 4.765057249326311 4.363754614336532 4.36002768096912 4.310726331874771 4.291169991685575 32.45028059350122 35.891351161117655 32.49539982627476 32.617829270650894 36.59137105347301 32.646140422125455 23.52370873307503 23.746391503298852 26.07584496570285 26.078983219685718 32.42500429298135 32.74948644629481 37.49035246636966 32.763358776695064 32.37198927435361 34.966366366486376 32.47799329682105 32.44467204018853 35.844106502368 32.49139180021877 32.474826894093354 41.063353462422384 32.47459216697465 25.084834626259727 22.41006894008912 [3.389816215649706e-05,4.529401694778517e-05,4.3029316580853096e-05,2.9478939066402636e-05,2.088219084612888e-05,3.180944899332202e-05] "[""HK"",""H"",""H_high"",""K"",""K1_high"",""K2_high""]" 4.529401694778517e-05 nan 4.529401694778517e-05 3.389816215649706e-05 3.180944899332202e-05 nan nan
"HIP 19884" 63.9838981628418 -53.31077194213867 13.04 1.1006888020423438e-10 412.47578768705927 5.408207778274671 1.466259322320057 4.12746090885187 0.3217967400464273 9.538105189620655 "HIP 19884 10" Neptunian 14.172959893652198 2.7237539575590355 200.0 3.272279891577712 K5V 0.7648520243344309 4450.829467005808 0.6098902199876944 4.751141709374195 4.91 None -13.460477596959283 19.786020490470733 2.1246340062413513 1.5880878048360252 0.30971216100498755 4.998841607436897 5.339971657808568 4.871295051963952 4.901397159504745 5.737281901483755 4.9963375712743545 4.989361762632129 4.88133376675634 4.834161616773699 30.536795129332937 34.67076563264784 30.559472520819835 30.845713040543473 35.3707855250032 30.862659548480032 22.302091990066415 22.52580597482904 24.852109452125 24.858397691215906 30.448240238987974 31.15483877180896 36.26976693789985 31.16464978316103 30.48494225997656 33.745780838016564 30.541815765480706 30.527282032537745 34.62352097389819 30.550502450627626 30.493471082614985 39.84276793395257 30.49320042720524 23.864249097789916 21.189483411619307 [0.0001776916699496191,0.00023230499587019286,0.000204386369663249,0.00023715842448726463,0.00017011138496845902,0.00025333509421222286] "[""HK"",""H"",""H_high"",""K"",""K1_high"",""K2_high""]" 0.00025333509421222286 nan 0.00023230499587019286 0.0001776916699496191 0.00025333509421222286 nan nan
"HIP 64113" 197.10337829589844 16.97199058532715 25.3 7.24739189427786e-12 79.17215859668767 2.8853709019599925 2.374269806375258 2.515353525337126 0.3179012889866415 118.55902448140905 "HIP 64113 9" Terran 0.7750852791260372 0.9349459476285152 200.0 2.938931563407044 M0V 0.5323525419426091 3677.014628784035 0.2506027272038021 5.366295373579133 7.67 None 3.2506831661849205 10.04771303314963 12.03509436328702 0.8864152398328035 0.7004470093684975 7.838456443627393 8.190495408561961 7.347666211686036 7.57823691692867 8.595487983892454 7.87011955964514 7.82828762288248 7.362795785709654 7.294494218035812 33.7486792799556 38.43188713506244 33.762704994875236 34.064915355033214 39.1319070274178 34.07517133662537 26.060484917122544 26.286927477243637 28.607204537425996 28.619519193630506 33.47661111592754 34.37732069547194 40.03088844031445 34.383284032343425 33.7393251395829 37.50690234043117 33.776465139649645 33.73864843147169 38.384642476312784 33.753148075340874 33.62138671662798 43.60388943636717 33.62104209686434 27.625370600204512 24.950604914033903 [1.101664479347774e-05,1.3680978757034246e-05,1.1333637182666574e-05,1.009542577320101e-05,6.885515116016254e-06,1.0385551817282354e-05] "[""HK"",""H"",""H_high"",""K"",""K1_high"",""K2_high""]" 1.3680978757034246e-05 nan 1.3680978757034246e-05 1.101664479347774e-05 1.0385551817282354e-05 nan nan
"HIP 31878" 99.95857238769531 -61.47838592529297 22.35 1.2359828190570745e-09 144.8682736700175 7.255379041670861 0.46258489262211133 5.811536633389957 0.2817304604568535 64.68946009837967 "HIP 31878 9" Neptunian 75.29092108019373 9.24068019251484 200.0 2.9364898118103073 M1V 0.6138085601771465 4103.639505412454 0.46751452727041365 4.886510347257024 6.550000000000001 None -28.850385216284657 6.480480004628624 8.752142702757947 2.5132364794464066 0.025298883380005674 6.659004196184868 7.012314477303518 6.446772972592802 6.52007400011998 7.42590456321193 6.665515423889163 6.649029062475408 6.458354428855787 6.404330905142091 32.35454085602648 33.188084983598614 33.03016756942884 32.83087623026123 33.88810487595397 33.34581840011247 20.821400831634243 21.043125325779812 23.375544924898342 23.375717042166677 32.87538067032231 33.33325847211337 34.78708628885062 33.663266341137046 31.82418313914078 32.263100188967336 33.021246672096765 32.327516346691965 33.14084032484895 33.02071939966248 32.937144013313116 38.360087284903344 32.9440383107527 22.381568448740687 19.706802762570074 [0.0006632968422167057,0.0009015252376710913,0.0009047123778122082,2.1224973279382573e-05,1.4697934484642237e-05,2.1306406932222242e-05] "[""HK"",""H"",""H_high"",""K"",""K1_high"",""K2_high""]" 0.0009047123778122082 nan 0.0009047123778122082 0.0006632968422167057 2.1306406932222242e-05 nan nan
"HIP 90790" 277.829345703125 -18.90833854675293 13.25 5.587962656781257e-10 93.50281312533825 1.2442051079061345 1.6630677504797697 1.0401878591905418 0.19650888392930346 95.80652276812283 "HIP 90790 7" Neptunian 5.333191737798001 2.354610802082067 282.96214442136954 2.9743040154504667 K1V 0.8537099125757863 5106.136867078238 0.6868896335664341 4.695604027183972 4.699999999999999 None 20.712854030681967 9.640455989986743 26.84494026653779 1.4789996673055972 0.36548209702833134 4.757046614926272 4.994798561016646 4.678828448334195 4.686707146162285 5.248062663670568 4.755542788635801 4.751008459356511 4.684695368771686 4.656807576492183 27.404261989465173 29.721446908678804 27.542360813390175 27.472285057901175 29.209009600956687 27.71725176682773 20.473118992374303 20.78376472233891 23.18778112450541 23.208467093389 27.498228819624913 27.453649402234728 28.743069574433694 27.848612895510065 27.22783599674099 28.846995875574486 27.51429720510281 27.39361272527125 29.675826085172726 27.536478854206578 27.505565747666992 31.582732549318493 27.530370585987704 22.06105301720918 19.470698837376883 [0.0035492872368581875,0.005839952888866638,0.00679166613728633,0.0009460445182037221,0.0007118203330156453,0.0008491968737430633] "[""HK"",""H"",""H_high"",""K"",""K1_high"",""K2_high""]" 0.00679166613728633 nan 0.00679166613728633 0.0035492872368581875 0.0009460445182037221 nan nan
"HIP 1842" 5.825078964233398 -50.89387130737305 19.68 2.767893201679963e-12 779.7180290518727 25.59716611521396 0.6428445152263157 25.213677438490517 0.06841361637004213 53.39534580927305 "HIP 1842 4" Neptunian 22.032728446799307 1.9689238982647341 200.0 3.745765503054942 M5V 0.4581688277718841 3763.6701294642344 0.18099141554818227 5.583777211860023 7.390000000000001 None 7.900151944147247 8.704813180628033 3.2233670347159578 2.2685935510493183 0.06535860263259514 7.540641296494719 7.8978599261881035 7.134778659043841 7.312436252865641 8.31294112160768 7.5681022027046705 7.530426141936813 7.1491896823247885 7.08336420450002 36.21169577338796 36.26919786573743 39.42694984522607 36.888152493219614 36.96921775809279 39.745656728567376 23.90256836426225 24.12423820791863 26.45682105853929 26.456829924305495 39.1768456046279 37.73325583082367 37.86819917098944 40.06396092810601 35.31956981222005 35.344213071106154 39.43765991421073 36.16636949722626 36.22195320698778 39.41731059445249 39.15980802742891 41.441200167042155 39.30095431817962 25.462681330879505 22.787915644708896 [9.151707790794423e-05,0.00012346411194623225,0.0001194883921153823,5.997801326428384e-07,2.675206474607116e-07,2.2386840795753064e-07] "[""HK"",""H"",""H_high"",""K"",""K1_high"",""K2_high""]" 0.00012346411194623225 nan 0.00012346411194623225 9.151707790794423e-05 5.997801326428384e-07 nan nan
"HIP 31878" 99.95857238769531 -61.47838592529297 22.35 1.3480410707182557e-12 469.9800601384675 10.504597868183614 1.5809690340250508 14.307249061816231 0.2841497247567333 122.46460634109546 "HIP 31878 5" Terran 0.1627536730016595 0.840630086405489 200.0 2.3534760214501316 M1V 0.6138085601771465 4103.639505412454 0.46751452727041365 4.886510347257024 6.550000000000001 None 29.219969316991126 13.898763761307231 5.205131115450885 1.5622134204119091 0.3226130108232397 6.659004196184868 7.012314477303518 6.446772972592802 6.52007400011998 7.42590456321193 6.665515423889163 6.649029062475408 6.458354428855787 6.404330905142091 37.055356713854785 38.393580036993804 37.42803709834427 37.468538784944755 39.09359992934917 37.74368792902791 26.026831948650294 26.248620379175005 28.58084998878303 28.581212095561874 37.273250199237744 37.89176753705182 39.99258134224581 38.06113587005248 36.690083470211036 37.46859524236253 37.4191162010122 37.034920454651385 38.346335378244156 37.41858892857791 37.33887903691699 43.56558233829854 37.34190783966814 27.58706350213588 24.91229781596527 [8.684172811859285e-06,1.1755492011345816e-05,1.1652860059704888e-05,9.473033252526378e-07,6.194458070537961e-07,9.089480736162387e-07] "[""HK"",""H"",""H_high"",""K"",""K1_high"",""K2_high""]" 1.1755492011345816e-05 nan 1.1755492011345816e-05 8.684172811859285e-06 9.473033252526378e-07 nan nan
"HIP 81018" 248.19020080566406 12.613106727600098 16.77 1.1968579298363802e-11 1286.927649314903 34.00820725158294 0.6874972445364143 31.56709597644565 0.1702406452617073 103.38750320596215 "HIP 81018 4" Neptunian 17.000000000000004 5.512402745585199 200.0 2.738922122624273 K5V 0.4686174029135688 3823.8388417760084 0.13194407383914689 5.868106262115652 7.7 None 11.327922481306402 12.56376937506445 3.5305633535525254 2.4216384728262885 0.03758055491817604 7.850641296494718 8.207859926188103 7.44477865904384 7.622436252865641 8.62294112160768 7.87810220270467 7.8404261419368115 7.459189682324787 7.393364204500019 33.67451727614024 33.68617765829087 38.59023091030808 34.36947588262898 34.38619755064623 38.908937793649386 21.31955076814708 21.541218000472075 23.87380794186374 23.873809716858943 38.34012666970991 35.25678616676633 35.28517896354288 39.22724199318802 32.75633199282432 32.7611928636596 38.60094097929274 33.62767370925946 33.63893299954122 38.5805916595345 37.891188742040015 38.8581799595956 38.46423538326163 22.87966112343295 20.204895437262337 [0.001135349614094554,0.0015263641397432633,0.0014608332395445438,6.4330531160155296e-06,2.3167893485771813e-06,9.182935257207473e-07] "[""HK"",""H"",""H_high"",""K"",""K1_high"",""K2_high""]" 0.0015263641397432633 nan 0.0015263641397432633 0.001135349614094554 6.4330531160155296e-06 nan nan
"HIP 113860" 345.8740234375 -34.74961853027344 29.42 5.8339169333888385e-12 216.76299026755572 6.4570631252732085 1.413322385610312 13.130237272824813 0.5332993689869591 116.12760687066248 "HIP 113860 3" Terran 0.22421488278866805 0.9658040928532062 200.0 2.3720414354766968 A9V 1.4357212880563643 7591.384013837195 1.5026461866376344 4.241424300082167 4.35 None -7.01614285911392 1.0855866281036786 8.842581927034242 1.7120646677210514 0.25107080472840165 4.367650309356556 4.417304736062426 4.351812362558366 4.351899738742675 4.464674484864899 4.372078853775685 4.366934919710293 4.351574838532177 4.352502682298283 34.888887520334634 38.688985181468574 34.92041165258496 34.89774144490824 39.38900507382393 34.91522829326983 26.320961579430122 26.544025523649772 28.87235749809477 28.876617240036637 34.89033924754779 34.87874844919268 40.28798648672058 34.88622193034888 34.83176875604372 37.764000386837296 34.90794324457275 34.88762266438878 38.64174052271892 34.9203602573099 34.926522729803565 43.860987482773304 34.9261923593797 27.882468646610647 25.207702960440038 [2.6977783702661317e-06,3.6497600824366764e-06,3.330812303966295e-06,1.9029155450120742e-06,1.2896183621284197e-06,1.9322911315144614e-06] "[""HK"",""H"",""H_high"",""K"",""K1_high"",""K2_high""]" 3.6497600824366764e-06 nan 3.6497600824366764e-06 2.6977783702661317e-06 1.9322911315144614e-06 nan nan
