sim_data/Simulated_table/Simulated_Pull_NIRSpec_BT-Settl+PICASO.ecsv
# %ECSV 1.0
# ---
# datatype:
# - {name: StarName, datatype: string}
# - {name: RA, datatype: float64}
# - {name: Dec, datatype: float64}
# - {name: Distance, unit: pc, datatype: float64}
# - {name: Flux Ratio, datatype: float64}
# - {name: AngSep, unit: mas, datatype: float64}
# - {name: ProjAU, unit: AU, datatype: float64}
# - {name: Phase, unit: rad, datatype: float64}
# - {name: SMA, unit: AU, datatype: float64}
# - {name: Ecc, datatype: float64}
# - {name: Inc, unit: deg, datatype: float64}
# - {name: PlanetName, datatype: string}
# - {name: PlanetType, datatype: string}
# - {name: PlanetMass, unit: earthMass, datatype: float64}
# - {name: PlanetRadius, unit: earthRad, datatype: float64}
# - {name: PlanetTeq, unit: K, datatype: float64}
# - {name: PlanetLogg, unit: dex(cm / s2), datatype: float64}
# - {name: StarSpT, datatype: string}
# - {name: StarMass, unit: solMass, datatype: float64}
# - {name: StarTeff, unit: K, datatype: float64}
# - {name: StarRad, unit: solRad, datatype: float64}
# - {name: StarLogg, unit: dex(cm / s2), datatype: float64}
# - {name: StarKmag, datatype: float64}
# - {name: DiscoveryMethod, datatype: string}
# - {name: StarRadialVelocity, unit: km / s, datatype: float64}
# - {name: StarVsini, unit: km / s, datatype: float64}
# - {name: DeltaRadialVelocity, unit: km / s, datatype: float64}
# - {name: alpha, datatype: float64}
# - {name: g_alpha, datatype: float64}
# - {name: StarINSTRUmag(HARMONI), datatype: float64}
# - {name: StarINSTRUmag(ERIS), datatype: float64}
# - {name: StarINSTRUmag(MIRIMRS), datatype: float64}
# - {name: StarINSTRUmag(NIRCam), datatype: float64}
# - {name: StarINSTRUmag(NIRSpec), datatype: float64}
# - {name: StarJmag, datatype: float64}
# - {name: StarHmag, datatype: float64}
# - {name: StarHKmag, datatype: float64}
# - {name: StarCHANNEL1mag, datatype: float64}
# - {name: StarCHANNEL2mag, datatype: float64}
# - {name: PlanetINSTRUmag(HARMONI)(thermal+reflected), datatype: float64}
# - {name: PlanetINSTRUmag(HARMONI)(thermal), datatype: float64}
# - {name: PlanetINSTRUmag(HARMONI)(reflected), datatype: float64}
# - {name: PlanetINSTRUmag(ERIS)(thermal+reflected), datatype: float64}
# - {name: PlanetINSTRUmag(ERIS)(thermal), datatype: float64}
# - {name: PlanetINSTRUmag(ERIS)(reflected), datatype: float64}
# - {name: PlanetINSTRUmag(MIRIMRS)(thermal+reflected), datatype: float64}
# - {name: PlanetINSTRUmag(MIRIMRS)(thermal), datatype: float64}
# - {name: PlanetINSTRUmag(NIRCam)(thermal+reflected), datatype: float64}
# - {name: PlanetINSTRUmag(NIRCam)(thermal), datatype: float64}
# - {name: PlanetINSTRUmag(NIRCam)(reflected), datatype: float64}
# - {name: PlanetINSTRUmag(NIRSpec)(thermal+reflected), datatype: float64}
# - {name: PlanetINSTRUmag(NIRSpec)(thermal), datatype: float64}
# - {name: PlanetINSTRUmag(NIRSpec)(reflected), datatype: float64}
# - {name: PlanetJmag(thermal+reflected), datatype: float64}
# - {name: PlanetJmag(thermal), datatype: float64}
# - {name: PlanetJmag(reflected), datatype: float64}
# - {name: PlanetHmag(thermal+reflected), datatype: float64}
# - {name: PlanetHmag(thermal), datatype: float64}
# - {name: PlanetHmag(reflected), datatype: float64}
# - {name: PlanetHKmag(thermal+reflected), datatype: float64}
# - {name: PlanetHKmag(thermal), datatype: float64}
[...]
#       value: !astropy.table.SerializedColumn {name: StarTeff}
#     StarVsini:
#       __class__: astropy.units.quantity.Quantity
#       unit: !astropy.units.Unit {unit: km / s}
#       value: !astropy.table.SerializedColumn {name: StarVsini}
# schema: astropy-2.0
StarName RA Dec Distance "Flux Ratio" AngSep ProjAU Phase SMA Ecc Inc PlanetName PlanetType PlanetMass PlanetRadius PlanetTeq PlanetLogg StarSpT StarMass StarTeff StarRad StarLogg StarKmag DiscoveryMethod StarRadialVelocity StarVsini DeltaRadialVelocity alpha g_alpha StarINSTRUmag(HARMONI) StarINSTRUmag(ERIS) StarINSTRUmag(MIRIMRS) StarINSTRUmag(NIRCam) StarINSTRUmag(NIRSpec) StarJmag StarHmag StarHKmag StarCHANNEL1mag StarCHANNEL2mag PlanetINSTRUmag(HARMONI)(thermal+reflected) PlanetINSTRUmag(HARMONI)(thermal) PlanetINSTRUmag(HARMONI)(reflected) PlanetINSTRUmag(ERIS)(thermal+reflected) PlanetINSTRUmag(ERIS)(thermal) PlanetINSTRUmag(ERIS)(reflected) PlanetINSTRUmag(MIRIMRS)(thermal+reflected) PlanetINSTRUmag(MIRIMRS)(thermal) PlanetINSTRUmag(NIRCam)(thermal+reflected) PlanetINSTRUmag(NIRCam)(thermal) PlanetINSTRUmag(NIRCam)(reflected) PlanetINSTRUmag(NIRSpec)(thermal+reflected) PlanetINSTRUmag(NIRSpec)(thermal) PlanetINSTRUmag(NIRSpec)(reflected) PlanetJmag(thermal+reflected) PlanetJmag(thermal) PlanetJmag(reflected) PlanetHmag(thermal+reflected) PlanetHmag(thermal) PlanetHmag(reflected) PlanetHKmag(thermal+reflected) PlanetHKmag(thermal) PlanetHKmag(reflected) PlanetKmag(thermal+reflected) PlanetKmag(thermal) PlanetKmag(reflected) PlanetCHANNEL1mag(thermal) PlanetCHANNEL2mag(thermal) SNR_band name_band SNR_INSTRU SNR_J SNR_H SNR_HK SNR_K SNR_CHANNEL1 SNR_CHANNEL2
[from data line 511]
"HIP 70319" 215.81314086914062 1.2427300214767456 17.19 2.0905461736607595e-11 489.9852908987352 8.900380703555903 1.899855356080312 10.57695144797842 0.3231643778763572 42.095148159919546 "HIP 70319 3" Neptunian 95.04103136577997 4.157683461656315 200.0 3.7313633785720937 G5V 1.0035452074503888 5815.213657459187 0.8892021665004662 4.541603544221333 4.64 None -9.321629985129263 6.03354732635543 6.151111917787237 1.3524353024383178 0.4341233462537525 4.680252547510607 4.859937866577188 4.626372211027309 4.6270148489910525 4.89633346046424 5.042408591444066 4.6800177592283045 4.676202846265171 4.629461873098478 4.614580543325914 30.9507826362395 34.3523393206676 30.99917127805687 31.102370167201645 35.05235921302297 31.13131052637566 21.984736669373838 22.2073796628488 24.536963279320666 24.53997137923567 30.932047138479422 27.356215380777854 27.105794022821954 31.146073234958212 31.21469458933508 35.95134062591961 31.22892666075392 30.87224850470196 33.42735452603633 30.98223282683268 30.947078351720517 34.30509466191795 30.995751755341644 30.98312833681138 39.52434162197234 30.982932805009792 23.545822785809676 20.87105709963907 [8.145065367416305e-07,2.451108611835203e-06,1.424107939602038e-06,0.013418511161539411,1.1297754652661316e-06,3.5229645453352802e-06,2.5911080586711278e-06,0.01964869145311864] "[""G140M-F070"",""G140M-F100"",""G235M-F170"",""G395M-F290"",""G140H-F070"",""G140H-F100"",""G235H-F170"",""G395H-F290""]" 0.01964869145311864 nan nan nan nan nan nan
"HIP 14632" 47.26201248168945 49.61349868774414 10.54 2.0606571367061747e-11 795.3593868891277 9.568103839122491 2.0737776368762155 11.43254814830677 0.20167502909949023 149.20670770241244 "HIP 14632 1" Neptunian 48.096561469632555 4.944896302777613 200.0 3.2849547334997373 G0V 1.2691635666527523 5967.543450190654 1.4259536800717745 4.233374387096981 2.66 None 9.09595047176763 12.552425363971661 5.080730053900592 1.3214438243380675 0.4514405898597351 2.6946622201745414 2.856823832560602 2.65477103311486 2.651571579830776 2.891839903342486 3.01948299666579 2.6948961744011832 2.6911303079914424 2.6567710004584395 2.647028326931144 28.740023689312487 32.91363415826926 28.763518427317297 28.86334226328013 33.61365405062462 28.87709366542278 20.54499361025339 20.76867450045046 23.095066619901054 23.101266216837324 28.706567105865076 25.88241444156457 25.667088860423604 28.890090962175492 28.949579019162606 34.51263546352126 28.955989317209937 28.691846618955182 31.988649363637983 28.746895816841416 28.737771599542366 32.866389499519606 28.76063003778672 28.753218010874132 38.08563645957399 28.75283235473871 22.107117623411334 19.432351937240725 [5.557370058759223e-06,1.1235756234969414e-05,8.450089577715065e-06,0.04202356013633208,7.761929952586177e-06,1.6422184549133692e-05,1.5242561112740255e-05,0.05696037512523795] "[""G140M-F070"",""G140M-F100"",""G235M-F170"",""G395M-F290"",""G140H-F070"",""G140H-F100"",""G235H-F170"",""G395H-F290""]" 0.05696037512523795 nan nan nan nan nan nan
"HIP 58001" 178.45726013183594 53.694732666015625 25.5 2.7042989727871553e-12 593.6097924587451 17.00939686392591 1.0971758361592603 12.157270374149515 0.45528433411212926 128.52178306684087 "HIP 58001 9" Neptunian 2.8641448743156066 1.4310126873394013 317.7081397906828 3.136863095204977 A0V 2.4787369942032056 9541.500263149748 2.8984301211663532 3.907972407122874 2.37 None -14.1046611766176 19.97486974669632 10.522138968673481 1.9356883092184136 0.1603763897966268 2.375903116133967 2.3676292532943872 2.3749559062438608 2.3743280093458443 2.3661104146661844 2.3611478145401756 2.3786967316535126 2.3761916627964657 2.374097417898451 2.3779438617826103 30.253545767818395 30.40532300347564 32.46484468097298 29.623082790987535 29.711884697713813 32.38543620593268 22.21995966769372 22.536608690434456 25.20039884363403 25.201646164215767 32.55038802267236 27.798031422588668 27.557835413711103 32.346084365221195 29.11568879113834 29.197907978587775 32.277197940497395 29.49293895037194 29.595428428729377 32.44111370025882 30.19308642902952 30.360435781290516 32.4637072224185 31.095869185673422 31.430536739973427 32.52150269261243 23.787360385273708 21.23104472214438 [2.363387735730415e-05,4.4832073626008e-05,8.96012682014012e-05,0.0028595025762086406,4.403339757491315e-05,7.833254546360006e-05,0.00014198444218933148,0.005141421564878843] "[""G140M-F070"",""G140M-F100"",""G235M-F170"",""G395M-F290"",""G140H-F070"",""G140H-F100"",""G235H-F170"",""G395H-F290""]" 0.005141421564878843 nan nan nan nan nan nan
"HIP 38980" 119.65484619140625 -34.94528579711914 30.0 4.146079157212721e-12 212.385088833981 6.98108374008173 1.9917780623346328 5.047895589270737 0.386185359849107 154.4406889971658 "HIP 38980 10" Terran 1.9890958722801293 1.7449126301887743 200.0 2.8062634256999037 G6V 0.9599121900813568 5468.4090187676065 0.8021493945997252 4.6117886140596225 6.08 None -27.63147882146763 4.424753071349197 5.603774789614464 1.3935568647650969 0.41142683425427756 6.131369404126077 6.348026900218791 6.059908116954515 6.065609831436961 6.388059013304693 6.574726517340509 6.130667426531034 6.126066698576555 6.064943478165027 6.040936254219687 32.77292340861648 37.44695488960477 32.78768251985455 32.94993139382023 38.146974781960125 32.95902475345306 25.077048990168244 25.30199523178597 27.624487453168015 27.63458694817284 32.7080949394102 30.385307809215156 30.200409591759115 32.978231285557456 33.09328236966906 39.04595619485678 33.098507662495386 32.73528273210705 36.52197009497349 32.77065189826105 32.7694163886354 37.39971023085511 32.78297466191477 32.76046233792613 42.618957190909505 32.75997752772497 26.640438354746845 23.965672668576236 [3.7865102837689606e-08,7.332865059054856e-08,6.83656232203974e-08,0.0002389494917052701,5.2133990841477985e-08,1.1046468317159627e-07,1.2538544062147177e-07,0.00034916951888728565] "[""G140M-F070"",""G140M-F100"",""G235M-F170"",""G395M-F290"",""G140H-F070"",""G140H-F100"",""G235H-F170"",""G395H-F290""]" 0.00034916951888728565 nan nan nan nan nan nan
"HIP 21733 A" 70.00533294677734 -31.075719833374023 29.89 4.434707967733032e-12 1115.4624753178482 39.4317788661595 1.0075770475306443 29.198705249994692 0.47885638397757213 142.5198128172301 "HIP 21733 A" Neptunian 62.931693373507194 4.7067722933847405 200.0 3.4445781233206185 K5V 0.5870075917530433 3621.5070533815237 0.4271724458665064 4.9455048825177785 7.17 None -23.423063762880822 18.52056697899277 2.5701260510496367 1.901678975581611 0.1728216976572883 7.338456443627393 7.6904954085619615 6.847666211686036 7.07823691692867 7.72442800969171 8.095487983892456 7.370119559645141 7.328287622882481 6.862795785709654 6.794494218035813 35.000491766868365 35.28423068076239 36.59628692532748 35.59836188193387 35.98425057311775 36.90875326707762 22.917585056925454 23.13927102294359 25.471812576484893 25.471862739330454 36.310193046379794 28.319600065232386 28.037685382916735 36.923974580970494 36.28146379943036 36.883231986014394 37.21686596279568 34.230380464319595 34.35924588613111 36.6100470701019 34.96203260335637 35.236986022012736 36.58673000579313 36.428155410352446 40.45623298206712 36.4546240273166 24.477714145904464 21.802948459733855 [7.309496432251692e-07,7.507348054743195e-06,2.513032307614436e-07,0.046713997288136404,1.58782661625996e-06,1.4639211033295997e-05,5.161654045070824e-07,0.0759154523730487] "[""G140M-F070"",""G140M-F100"",""G235M-F170"",""G395M-F290"",""G140H-F070"",""G140H-F100"",""G235H-F170"",""G395H-F290""]" 0.0759154523730487 nan nan nan nan nan nan
"HIP 55031" 168.98526000976562 -48.69069290161133 27.5 5.613161830847694e-12 1114.349163401741 33.34179628637969 1.1658021957168938 22.937642462704407 0.45798011533508165 133.13982392169638 "HIP 55031 12" Neptunian 98.8217733265166 4.558896020675566 200.0 3.6682883510176416 F5V 0.500637322583599 6880.2418186516725 0.06265868493914246 6.543628298888132 11.74 None -9.78022297223373 2.5908921458250633 3.211779730696621 1.862418727950152 0.1878053353755432 11.760804693805845 11.865348681878698 11.74155112256716 11.737954145760911 11.892128595383145 11.966946182187073 11.761208826742607 11.758894403039672 11.741581630934725 11.74120150664917 35.16435984472038 35.17258208157823 40.47030421029011 35.85772392286987 35.872601973933584 40.52310014113275 22.80595551382351 23.02762242375943 25.360213125172177 25.360214140146297 40.43338701198333 28.208283870268623 27.926036783732574 40.52642594929169 36.733213891307514 36.77158338683024 40.54467909442615 34.24414011034932 34.24759728694695 40.45360829558369 35.11758164831903 35.12533742282857 40.469051293552994 39.654850266474206 40.344584382882964 40.473428324048 24.366065546720304 21.691299860549695 [5.564464114923689e-06,8.502875977661551e-05,2.23419902838381e-06,0.40856623341901166,8.75226145387744e-06,0.00010108618925216659,3.464231455343746e-06,0.48090237232963085] "[""G140M-F070"",""G140M-F100"",""G235M-F170"",""G395M-F290"",""G140H-F070"",""G140H-F100"",""G235H-F170"",""G395H-F290""]" 0.48090237232963085 nan nan nan nan nan nan
"HIP 69454" 213.30206298828125 -56.74249267578125 11.68 2.016676167772519e-12 577.3877833015022 6.760724970813464 1.6413831481485386 8.645397439567683 0.24509837975397927 72.26730172687658 "HIP 69454 8" Terran 0.5890195446683933 0.9646662008725028 200.0 2.7925306628910675 M2V 0.48741441903542854 3748.9340370997115 0.23685536798966425 5.376999536262911 6.13 None -20.300875189809947 14.858268353475513 6.736123380740091 1.50356842801048 0.3526170236840638 6.280641296494718 6.637859926188102 5.87477865904384 6.05243625286564 6.674873386420859 7.05294112160768 6.30810220270467 6.270426141936811 5.889189682324787 5.8233642045000185 35.23188470421988 36.68554594911916 35.56195174558408 35.63833503890839 37.385565841474516 35.88065862892539 24.31875129406688 24.540586291300354 26.87272074573577 26.873178007687223 35.31184750498591 29.71803213462195 29.439000651273503 35.89935780431678 36.05004582071574 38.28454725437116 36.19896282846402 34.90886083777156 35.76056115448788 35.57266181456874 35.213237243909 36.638301290369505 35.5523124948105 35.43348777783732 41.85754825042388 35.43595621853764 25.87902941426123 23.204263728090623 [5.444871671039997e-08,6.21834944779848e-07,5.578370813391388e-08,0.0035246599276694364,1.0218534537097947e-07,9.271085884130028e-07,1.0573007505698168e-07,0.005522852744539262] "[""G140M-F070"",""G140M-F100"",""G235M-F170"",""G395M-F290"",""G140H-F070"",""G140H-F100"",""G235H-F170"",""G395H-F290""]" 0.005522852744539262 nan nan nan nan nan nan
"HIP 59774" 183.8560333251953 57.032596588134766 24.69 5.145479899351134e-12 267.64131224798854 9.001974899780047 2.3172990714589328 11.09187200549311 0.5115492497434042 134.9319948307939 "HIP 59774 12" Neptunian 56.77695820838191 3.7795636461049336 266.64559252931207 3.5904438775915937 A3V 1.9804414610704064 9225.6595386702 1.9924261363220634 4.136065176924402 3.09 None 26.43881176046608 13.202563016552302 8.910257382271395 1.0692880604479393 0.5962313528900298 3.099294237735022 3.0969141371821496 3.0903339541854398 3.0925548701776764 3.096752273465864 3.095638082855106 3.1032619134002424 3.0994561306943713 3.0897457095345398 3.092346701189606 29.28352001867986 31.443681362712432 29.44318176986771 29.247608540844972 31.72686312818272 29.364331973232467 21.28412668014046 21.723055422256387 23.455645267302167 23.46002928348971 29.442466965077415 26.238179385503408 26.02320871036045 29.332235715466872 29.165837382947416 31.760590638335337 29.271891359940977 29.091956683740257 30.54979584944789 29.42230779308752 29.27937387463501 31.398546037138523 29.443977650827506 29.452401738103053 33.83481759635774 29.471152899300975 22.88854397442337 20.449517482478758 [3.950514308372549e-07,1.8724683630430303e-06,1.3671030499206391e-05,0.003429103569044912,7.206801634838186e-07,3.590688288129861e-06,2.1588118455080645e-05,0.005759379549706012] "[""G140M-F070"",""G140M-F100"",""G235M-F170"",""G395M-F290"",""G140H-F070"",""G140H-F100"",""G235H-F170"",""G395H-F290""]" 0.005759379549706012 nan nan nan nan nan nan
"HIP 50075" 153.35411071777344 -33.03187942504883 22.85 4.5502935712290214e-11 899.7279032863127 21.218652000256295 1.3207519642712957 14.877006546592776 0.5432368045926855 157.44990173180753 "HIP 50075 7" Neptunian 46.02173942706406 8.453566349926232 200.0 2.8000381797457305 G0V 1.0834817915929205 6006.976021238379 1.0530049067061933 4.428028454742628 4.95 None -5.505367673538029 9.644503990847559 3.082684944007559 1.6658330256986458 0.2722972743164972 4.984824203950798 5.147039682285927 4.94322997438961 4.940156243582502 5.181756650309698 5.309774692142289 4.984453835971017 4.9813194292740866 4.945175739594698 4.935678933336118 30.898932279492367 33.4294482406965 31.009987687062726 31.05756988863774 34.12946813305186 31.12365678558067 21.06241186787937 21.284488582877703 23.615816385678528 23.617080299264572 30.951465625640505 26.451221810803883 26.18290294285085 31.136343686871477 31.17082500676384 35.02844954594851 31.202653561618597 30.750667751021776 32.50446344606522 30.992780502763285 30.893248164304424 33.38220358194685 31.007123794889637 30.998858000161945 38.60145054200123 30.999242545658312 22.622931705838578 19.94816601966797 [2.2910373382463903e-06,1.2649603201952343e-05,3.1871664252329834e-06,0.07086108752471894,3.1445102924525843e-06,1.6148074198170772e-05,5.86797696782081e-06,0.10462873647249042] "[""G140M-F070"",""G140M-F100"",""G235M-F170"",""G395M-F290"",""G140H-F070"",""G140H-F100"",""G235H-F170"",""G395H-F290""]" 0.10462873647249042 nan nan nan nan nan nan
"HIP 8543" 27.53293228149414 29.46472930908203 25.61 7.102116208165978e-11 581.9448311971422 16.516497674168708 1.125183494167236 13.494764371684068 0.23379892508817524 112.47492541514289 "HIP 8543 3" Neptunian 116.4793124750106 7.459414930884711 200.0 3.3119943494753272 K1V 0.8688635297060311 5372.794136511371 0.6743186394909744 4.7192888663347885 6.11 None 26.618879097140415 9.519344961270273 6.985020443155862 1.980431094592493 0.14476908497393765 6.161369404126077 6.37802690021879 6.089908116954515 6.095609831436962 6.418059013304691 6.604726517340509 6.160667426531034 6.156066698576554 6.0949434781650265 6.070936254219688 32.573136566524155 33.94874111184705 32.93234379730889 32.86927940993986 34.648761004202406 33.1036860309074 21.58200024166782 21.80378145402825 24.13601909132249 24.13637317041512 32.85275621686454 26.98090612184725 26.702195814001396 33.122892563011796 33.119207107979996 35.54774241709906 33.243168939949726 32.21478894792919 33.02375631721577 32.9153131757154 32.55759591163859 33.901496453097394 32.92763593936911 32.90170909469384 39.120743413151786 32.90463880517931 23.142224576989125 20.467458890818516 [5.651143976315503e-07,7.1194023134699595e-06,6.322561726716296e-07,0.048026465412527176,9.876523065914904e-07,1.0226141232183615e-05,1.1817118970381122e-06,0.07573796337007414] "[""G140M-F070"",""G140M-F100"",""G235M-F170"",""G395M-F290"",""G140H-F070"",""G140H-F100"",""G235H-F170"",""G395H-F290""]" 0.07573796337007414 nan nan nan nan nan nan
