sim_data/Simulated_table/Simulated_Pull_MIRIMRS_systematic_limit_BT-Settl.ecsv
# %ECSV 1.0
# ---
# datatype:
# - {name: StarName, datatype: string}
# - {name: RA, datatype: float64}
# - {name: Dec, datatype: float64}
# - {name: Distance, unit: pc, datatype: float64}
# - {name: Flux Ratio, datatype: float64}
# - {name: AngSep, unit: mas, datatype: float64}
# - {name: ProjAU, unit: AU, datatype: float64}
# - {name: Phase, unit: rad, datatype: float64}
# - {name: SMA, unit: AU, datatype: float64}
# - {name: Ecc, datatype: float64}
# - {name: Inc, unit: deg, datatype: float64}
# - {name: PlanetName, datatype: string}
# - {name: PlanetType, datatype: string}
# - {name: PlanetMass, unit: earthMass, datatype: float64}
# - {name: PlanetRadius, unit: earthRad, datatype: float64}
# - {name: PlanetTeq, unit: K, datatype: float64}
# - {name: PlanetLogg, unit: dex(cm / s2), datatype: float64}
# - {name: StarSpT, datatype: string}
# - {name: StarMass, unit: solMass, datatype: float64}
# - {name: StarTeff, unit: K, datatype: float64}
# - {name: StarRad, unit: solRad, datatype: float64}
# - {name: StarLogg, unit: dex(cm / s2), datatype: float64}
# - {name: StarKmag, datatype: float64}
# - {name: DiscoveryMethod, datatype: string}
# - {name: StarRadialVelocity, unit: km / s, datatype: float64}
# - {name: StarVsini, unit: km / s, datatype: float64}
# - {name: DeltaRadialVelocity, unit: km / s, datatype: float64}
# - {name: alpha, datatype: float64}
# - {name: g_alpha, datatype: float64}
# - {name: StarINSTRUmag(HARMONI), datatype: float64}
# - {name: StarINSTRUmag(ERIS), datatype: float64}
# - {name: StarINSTRUmag(MIRIMRS), datatype: float64}
# - {name: StarINSTRUmag(NIRCam), datatype: float64}
# - {name: StarJmag, datatype: float64}
# - {name: StarHmag, datatype: float64}
# - {name: StarHKmag, datatype: float64}
# - {name: StarCHANNEL1mag, datatype: float64}
# - {name: StarCHANNEL2mag, datatype: float64}
# - {name: PlanetINSTRUmag(HARMONI)(thermal+reflected), datatype: float64}
# - {name: PlanetINSTRUmag(HARMONI)(thermal), datatype: float64}
# - {name: PlanetINSTRUmag(HARMONI)(reflected), datatype: float64}
# - {name: PlanetINSTRUmag(ERIS)(thermal+reflected), datatype: float64}
# - {name: PlanetINSTRUmag(ERIS)(thermal), datatype: float64}
# - {name: PlanetINSTRUmag(ERIS)(reflected), datatype: float64}
# - {name: PlanetINSTRUmag(MIRIMRS)(thermal+reflected), datatype: float64}
# - {name: PlanetINSTRUmag(MIRIMRS)(thermal), datatype: float64}
# - {name: PlanetINSTRUmag(NIRCam)(thermal+reflected), datatype: float64}
# - {name: PlanetINSTRUmag(NIRCam)(thermal), datatype: float64}
# - {name: PlanetINSTRUmag(NIRCam)(reflected), datatype: float64}
# - {name: PlanetJmag(thermal+reflected), datatype: float64}
# - {name: PlanetJmag(thermal), datatype: float64}
# - {name: PlanetJmag(reflected), datatype: float64}
# - {name: PlanetHmag(thermal+reflected), datatype: float64}
# - {name: PlanetHmag(thermal), datatype: float64}
# - {name: PlanetHmag(reflected), datatype: float64}
# - {name: PlanetHKmag(thermal+reflected), datatype: float64}
# - {name: PlanetHKmag(thermal), datatype: float64}
# - {name: PlanetHKmag(reflected), datatype: float64}
# - {name: PlanetKmag(thermal+reflected), datatype: float64}
# - {name: PlanetKmag(thermal), datatype: float64}
# - {name: PlanetKmag(reflected), datatype: float64}
# - {name: PlanetCHANNEL1mag(thermal), datatype: float64}
[...]
#     StarTeff:
#       __class__: astropy.units.quantity.Quantity
#       unit: *id002
#       value: !astropy.table.SerializedColumn {name: StarTeff}
#     StarVsini:
#       __class__: astropy.units.quantity.Quantity
#       unit: !astropy.units.Unit {unit: km / s}
#       value: !astropy.table.SerializedColumn {name: StarVsini}
# schema: astropy-2.0
StarName RA Dec Distance "Flux Ratio" AngSep ProjAU Phase SMA Ecc Inc PlanetName PlanetType PlanetMass PlanetRadius PlanetTeq PlanetLogg StarSpT StarMass StarTeff StarRad StarLogg StarKmag DiscoveryMethod StarRadialVelocity StarVsini DeltaRadialVelocity alpha g_alpha StarINSTRUmag(HARMONI) StarINSTRUmag(ERIS) StarINSTRUmag(MIRIMRS) StarINSTRUmag(NIRCam) StarJmag StarHmag StarHKmag StarCHANNEL1mag StarCHANNEL2mag PlanetINSTRUmag(HARMONI)(thermal+reflected) PlanetINSTRUmag(HARMONI)(thermal) PlanetINSTRUmag(HARMONI)(reflected) PlanetINSTRUmag(ERIS)(thermal+reflected) PlanetINSTRUmag(ERIS)(thermal) PlanetINSTRUmag(ERIS)(reflected) PlanetINSTRUmag(MIRIMRS)(thermal+reflected) PlanetINSTRUmag(MIRIMRS)(thermal) PlanetINSTRUmag(NIRCam)(thermal+reflected) PlanetINSTRUmag(NIRCam)(thermal) PlanetINSTRUmag(NIRCam)(reflected) PlanetJmag(thermal+reflected) PlanetJmag(thermal) PlanetJmag(reflected) PlanetHmag(thermal+reflected) PlanetHmag(thermal) PlanetHmag(reflected) PlanetHKmag(thermal+reflected) PlanetHKmag(thermal) PlanetHKmag(reflected) PlanetKmag(thermal+reflected) PlanetKmag(thermal) PlanetKmag(reflected) PlanetCHANNEL1mag(thermal) PlanetCHANNEL2mag(thermal) SNR_band name_band SNR_INSTRU SNR_J SNR_H SNR_HK SNR_K SNR_CHANNEL1 SNR_CHANNEL2
[from data line 493]
"HIP 57274" 176.17076110839844 30.96021842956543 25.92 3.521641864032614e-11 355.16480166156947 9.288521466026383 1.7042975309989206 8.706234321960665 0.10701494571952413 123.13826240847207 "HIP 57274 2" Neptunian 28.31721021741163 5.423956478945012 200.0 2.9745731545261 K8V 0.7396881560204557 4493.257891951655 0.6388049794339743 4.696379706541867 6.28 None 1.8258337902489714 12.109021065199554 7.270030793628182 1.4591082837834854 0.37601702484856964 6.368841607436897 6.709971657808568 6.241295051963952 6.271397159504746 7.107281901483756 6.3663375712743555 6.35936176263213 6.251333766756341 6.2041616167737 31.766061074608118 34.66681105226085 31.843844700253847 32.092475087792295 35.36683094461621 32.14703172791404 22.299559415975864 22.521886690353593 24.852519700879846 24.85444311082891 31.732612418421983 32.41720712887227 36.26581235751286 32.44902196259503 31.654522225639838 33.74182625762957 31.826187944914714 31.75440101954817 34.61956639351119 31.834874630061634 31.77692531714715 39.83881335356558 31.777572606639254 23.86031382989414 21.18555394587785 [0.00030672919566562926,2.1328509921955e-05,0.0003213450125939739,0.00041227817185286877,0.0004519751726125381,0.00033818459647248675] "[""1SHORT"",""1MEDIUM"",""1LONG"",""2SHORT"",""2MEDIUM"",""2LONG""]" 0.0004519751726125381 nan nan nan nan 0.0003213450125939739 0.0004519751726125381
"HIP 20917" 67.25069427490234 21.92227554321289 11.39 1.9959693234366335e-11 290.1373825529789 10.42328113800525 0.32261369844617604 10.991108542661628 0.13486702516500457 103.96379270761554 "HIP 20917 7" Neptunian 5.476487477000729 2.355499936420299 200.0 2.9854909871693023 K7V 0.6857996595619636 3966.828688903021 0.4925981996553837 4.889279251995029 4.82 None -13.625811449763813 7.6503366910301995 7.22019051043723 2.7398551108552773 0.0067690960971291455 4.948628355528179 5.308937888647246 4.6459084966883 4.767970869324987 5.730864702513527 4.964324347101116 4.9383117118422595 4.659188215241913 4.597864079527093 34.5805671521613 34.69242018318405 37.10370498578997 35.23727832933257 35.392440075539405 37.426284594484265 22.3257880486586 22.547495821276794 24.880035419484926 24.88005224175211 36.90464331439449 36.03998922167901 36.29142148843605 37.751538623987585 33.71829723041146 33.76743538855277 37.10353726470197 34.53693429764099 34.645175524434386 37.09393435917409 36.92363904490003 39.86442248448878 36.998507450498195 23.885922960817332 21.211163076801046 [5.441370288645651e-05,4.285910284733683e-06,5.948695968430869e-05,8.879592546748796e-05,0.0001068017464218883,6.758963559710345e-05] "[""1SHORT"",""1MEDIUM"",""1LONG"",""2SHORT"",""2MEDIUM"",""2LONG""]" 0.0001068017464218883 nan nan nan nan 5.948695968430869e-05 0.0001068017464218883
"HIP 102141 B" 310.4623718261719 -32.43434143066406 10.7 3.960219514085529e-11 1250.4434905192677 13.516781025756957 1.7133120499320516 15.280871818035195 0.1328839419773365 16.335862997446764 "HIP 102141 B" Neptunian 61.231702685837426 6.586878220395575 200.0 3.140772149729599 M5V 0.506273844808924 3691.1685428724395 0.20888728863529107 5.502629093139603 5.01 None 3.423632003617641 0.2381840709504779 1.5251413287905502 1.5308362177502364 0.3385386625481342 5.178456443627393 5.53049540856196 4.687666211686036 4.91823691692867 5.935487983892455 5.21011955964514 5.16828762288248 4.702795785709653 4.634494218035812 31.13042763241072 32.323737764538144 31.5704023711381 31.557308762256724 33.02375765689351 31.88286871288824 19.956981614808214 20.178813402630894 22.511033712955523 22.511369823106214 31.284308492190412 31.99040131798715 33.922739069790154 32.1909814086063 30.734929789594872 31.398752969906873 31.584162515912514 31.10816811971443 32.27649310578849 31.560845451603747 31.42468333624243 37.49574006584288 31.42873947312721 21.51724054217144 18.84248065815515 [0.1583235290546482,0.0024832430536110214,0.038636510719707376,0.07374576842889977,0.07868402519546978,0.05505089886831479] "[""1SHORT"",""1MEDIUM"",""1LONG"",""2SHORT"",""2MEDIUM"",""2LONG""]" 0.1583235290546482 nan nan nan nan 0.1583235290546482 0.07868402519546978
"HIP 23140" 74.68968963623047 50.94464111328125 19.31 3.924795218521006e-12 979.2299306254644 18.909161711195647 1.5658453623427784 16.64379626090329 0.39221945523257 157.67212411183004 "HIP 23140 9" Neptunian 12.004871885602508 2.583793283584927 200.0 3.2459970816910557 M0V 0.5488175740345614 3901.9253220718683 0.2523947716836242 5.373334928390347 7.040000000000001 None 9.093296627900408 0.7119921355343783 2.0548097995646826 1.5726772225746006 0.31737000190136855 7.16862835552818 7.528937888647247 6.865908496688302 6.987970869324988 7.950864702513529 7.184324347101118 7.15831171184226 6.879188215241914 6.817864079527094 34.98449859878532 35.63783959105812 35.846298128633215 35.497509437574536 36.337859483413474 36.16887773732751 23.271168497414717 23.492915229150864 25.825343713613996 25.825471649626188 35.64723645723774 36.05060502826166 37.23684089631013 36.49413176683083 34.385317315016565 34.71285479642684 35.84613040754522 34.95403772068815 35.59059493230846 35.83652750201735 35.730956868131116 40.809841892362854 35.74110059334144 24.83134236869141 22.15658248467512 [0.01889763386438292,0.00038229222441861,0.009042464937748771,0.013434871711586981,0.010064924313566091,0.009436180625168504] "[""1SHORT"",""1MEDIUM"",""1LONG"",""2SHORT"",""2MEDIUM"",""2LONG""]" 0.01889763386438292 nan nan nan nan 0.01889763386438292 0.013434871711586981
"HIP 116727" 354.8374328613281 77.63196563720703 14.1 4.7321938769413775e-11 321.6353680273699 6.00832746997315 0.8553423454797591 4.912433422815638 0.2254571232779899 118.60048963715737 "HIP 116727 1" Neptunian 4.557502737995763 1.9402823700726013 307.707092602787 3.074152145037448 K1IV 1.5750298734483643 4671.844617825824 4.582456169922075 3.3131597832646014 0.8900000000000001 None 20.045704542875043 8.550699394218114 14.807274530269327 2.184524373918272 0.0847699626084766 0.9706158911862599 1.2848884933200329 0.8515778327243606 0.8788281749401881 1.642426582595327 0.9691501673261066 0.9616572997179853 0.8619108780157109 0.813402981775077 28.499829940485668 29.404920374077506 29.118698565371957 28.29149446704089 28.78824865973983 29.37937502857864 20.643959438719925 20.949986750798814 23.498022198271563 23.504399427663188 29.07893995460747 28.00954508103956 28.29301047692534 29.606256557837888 28.041671132370215 28.5611838884661 29.09140991515958 28.474813799466784 29.3598731495555 29.109326617733267 28.881397784729977 30.782658038327906 29.088393749755554 22.213724174526554 19.640299944071135 [9.870619154134918e-06,1.1653930104749113e-05,1.8931565734761862e-05,9.959943880724286e-06,1.7749209872405146e-05,3.58081440498212e-05] "[""1SHORT"",""1MEDIUM"",""1LONG"",""2SHORT"",""2MEDIUM"",""2LONG""]" 3.58081440498212e-05 nan nan nan nan 1.8931565734761862e-05 3.58081440498212e-05
"HIP 19884" 63.9838981628418 -53.31077194213867 13.04 1.2033431420788508e-12 1771.3164420817075 23.09798184866511 1.5719527020432842 24.69809602248212 0.20485478614318212 145.8434477982637 "HIP 19884 1" Neptunian 4.8095588474073425 2.086328036359799 200.0 3.0344951364671435 K5V 0.7648520243344309 4450.829467005808 0.6098902199876944 4.751141709374195 4.91 None -19.74405928057753 16.696459782831344 2.942862286904696 1.5701470730318103 0.3186345801311747 4.998841607436897 5.339971657808568 4.871295051963952 4.901397159504745 5.737281901483755 4.9963375712743545 4.989361762632129 4.88133376675634 4.834161616773699 34.360903569121476 35.24969203299811 34.99246483178913 34.8215824236662 35.94971192535347 35.29565185944932 22.883006915502992 23.104767671090855 25.437142905540465 25.43732409156618 34.88123254995726 35.29956694571662 36.848693338250115 35.597642094130315 33.84923540786063 34.324707238366834 34.974808076449996 34.33488608109742 35.20244737424846 34.983494761596916 34.919335464147146 40.42169433430284 34.92619273817453 24.4431948106314 21.76843492661511 [0.014841550574870245,0.00033640248508587844,0.00993023316667929,0.03375804190877301,0.01714918547880994,0.010035205994841336] "[""1SHORT"",""1MEDIUM"",""1LONG"",""2SHORT"",""2MEDIUM"",""2LONG""]" 0.03375804190877301 nan nan nan nan 0.014841550574870245 0.03375804190877301
"HIP 17157" 55.122093200683594 -47.92538833618164 24.47 9.245713705670998e-14 1505.8437460282794 36.9507528373727 1.6453911051132448 27.373393028053517 0.39116653424170267 40.5563756001042 "HIP 17157 2" Terran 1.4426423950459653 0.890926215920627 200.0 3.250630295765373 K7V 0.7312562632825449 4175.813009112693 0.5272394163666743 4.858121484960252 6.33 None -17.574093646377356 16.515639613912033 3.1652580761918006 1.5223210904010898 0.3429117833755351 6.439004196184866 6.792314477303517 6.226772972592801 6.300074000119978 7.205904563211928 6.445515423889162 6.429029062475406 6.238354428855786 6.184330905142089 37.69156464226069 38.4641782015983 38.424464205070116 38.17900628797069 39.164198093953665 38.74011503575375 26.097500023615904 26.31925383969105 28.651655895951468 28.651810260166375 38.26967730596359 38.69530815398953 40.06317950685031 39.05756297677832 37.13867613881422 37.53919340696703 38.41554330773805 37.663399376605014 38.41693354284865 38.41501603530376 38.33011364066702 43.636180502903045 38.338334946393985 27.6576809792316 24.982921095215307 [0.002384553486348367,7.495396222734451e-05,0.0018505884076406235,0.00213865662633234,0.0017015721203514308,0.0011000021849772086] "[""1SHORT"",""1MEDIUM"",""1LONG"",""2SHORT"",""2MEDIUM"",""2LONG""]" 0.002384553486348367 nan nan nan nan 0.002384553486348367 0.00213865662633234
"HIP 81827" 250.71559143066406 -33.23918533325195 28.32 9.114221293947989e-11 325.9085188930204 9.763948107581236 1.2384719621021378 10.366371784447578 0.12388917786452865 96.11145643663133 "HIP 81827 14" Neptunian 69.9297273017938 5.300418768305681 200.0 3.3871965504152493 M0V 0.5698872051951677 3886.043480299591 0.29237075218878184 5.261988683711298 7.74 None 7.638217524774845 5.7118404751707885 6.9451065462391774 1.9011599022871195 0.17301550889139122 7.890641296494719 8.247859926188102 7.48477865904384 7.662436252865641 8.66294112160768 7.91810220270467 7.880426141936812 7.499189682324787 7.43336420450002 34.013415474101876 34.909132376604035 34.63954083114479 34.48306083486683 35.60915226895939 34.9582477144861 22.542429438031068 22.764208014696777 25.09655617136438 25.096764435172098 34.38943659054663 34.97377065787643 36.50813368185604 35.276551914024736 33.514323700417734 33.984147581972756 34.65025090012945 33.9871354339192 34.86188771785437 34.62990158037122 34.507127235945674 40.081134677908764 34.51354530409835 24.102635154237323 21.427875270221037 [0.000682238426531434,4.7783950514450575e-05,0.000721167214320481,0.0010284352820513906,0.0011294201355699705,0.0008369363632745548] "[""1SHORT"",""1MEDIUM"",""1LONG"",""2SHORT"",""2MEDIUM"",""2LONG""]" 0.0011294201355699705 nan nan nan nan 0.000721167214320481 0.0011294201355699705
"HIP 94349" 288.05645751953125 2.8876678943634033 10.22 4.134194560028573e-12 525.9460506161881 5.908738225035037 1.999035882585017 4.789953881586905 0.23381946381817953 58.21922113120291 "HIP 94349 8" Terran 1.0317558741132382 1.013786969641229 200.0 2.9928386223535246 M4V 0.44563249589348863 3763.6701294642344 0.13276505459856855 5.8408769229311215 6.340000000000001 None -15.172314093486834 3.4702705259590094 7.722746452932262 1.210011857144869 0.5148612291020276 6.490641296494719 6.847859926188104 6.084778659043842 6.262436252865642 7.262941121607681 6.518102202704671 6.480426141936812 6.099189682324788 6.033364204500021 33.84940157223225 36.28773800169113 33.97086809299523 34.20268738608415 36.98775789404649 34.28957497633654 23.920606367942426 24.142813639783874 26.473998255158897 26.475370060259195 33.72076385239707 34.556143276753694 37.886739306943134 34.607879175875176 33.71334975929983 35.36275320705985 33.98157816197989 33.835719823845835 36.24049334294148 33.96122884222165 33.843896268957046 41.459740302995854 33.84487256594879 25.48124077932442 22.806480895308134 [0.0001397862757235483,6.788827917111585e-06,0.00011221079079357958,0.0001792292995846647,0.00018232866101153733,0.0001317608016629798] "[""1SHORT"",""1MEDIUM"",""1LONG"",""2SHORT"",""2MEDIUM"",""2LONG""]" 0.00018232866101153733 nan nan nan nan 0.0001397862757235483 0.00018232866101153733
"HIP 49544" 151.73709106445312 2.964653968811035 22.56 4.950151596693581e-12 788.9092068640709 18.766457133130583 1.8934946892275863 15.399500886863274 0.4696537185479921 159.93844197335872 "HIP 49544 14" Neptunian 99.78557383802705 4.267762391045961 200.0 3.729822377230523 M0V 0.659440707151639 3950.392766032684 0.4687211254859072 4.915414324211186 6.35 None -8.243490169128933 8.64132725685957 2.1147442655295716 1.4617967605552007 0.37458710771850195 6.478628355528179 6.838937888647245 6.175908496688299 6.297970869324986 7.260864702513528 6.494324347101116 6.46831171184226 6.189188215241912 6.127864079527092 33.39929425092024 34.88591136385553 33.717889686064964 33.80613780885698 35.585931256210884 34.04046929475926 22.519125759384877 22.740987001948273 25.07308893739353 25.07354342242359 33.51882801466949 34.2215468987807 36.48491266910754 34.36572332426258 33.07995374695625 33.96092656922425 33.71772196497697 33.379870500248 34.83866670510587 33.70811905944909 33.60982755946403 40.05791366516026 33.61269215077319 24.079414141488815 21.40465425747253 [0.006385546207961826,0.00011442736855723864,0.0026957154064292123,0.007604381691215312,0.006130662337403283,0.00372971489730651] "[""1SHORT"",""1MEDIUM"",""1LONG"",""2SHORT"",""2MEDIUM"",""2LONG""]" 0.007604381691215312 nan nan nan nan 0.006385546207961826 0.007604381691215312
