sim_data/Simulated_table/Simulated_Pull_for_FastCurves.ecsv
# %ECSV 1.0
# ---
# datatype:
# - {name: StarName, datatype: string}
# - {name: RA, datatype: float64}
# - {name: Dec, datatype: float64}
# - {name: Distance, unit: pc, datatype: float64}
# - {name: Flux Ratio, datatype: float64}
# - {name: AngSep, unit: mas, datatype: float64}
# - {name: ProjAU, unit: AU, datatype: float64}
# - {name: Phase, unit: rad, datatype: float64}
# - {name: SMA, unit: AU, datatype: float64}
# - {name: Ecc, datatype: float64}
# - {name: Inc, unit: deg, datatype: float64}
# - {name: PlanetName, datatype: string}
# - {name: PlanetType, datatype: string}
# - {name: PlanetMass, unit: earthMass, datatype: float64}
# - {name: PlanetRadius, unit: earthRad, datatype: float64}
# - {name: PlanetTeq, unit: K, datatype: float64}
# - {name: PlanetLogg, unit: dex(cm / s2), datatype: float64}
# - {name: StarSpT, datatype: string}
# - {name: StarMass, unit: solMass, datatype: float64}
# - {name: StarTeff, unit: K, datatype: float64}
# - {name: StarRad, unit: solRad, datatype: float64}
# - {name: StarLogg, unit: dex(cm / s2), datatype: float64}
# - {name: StarKmag, datatype: float64}
# - {name: DiscoveryMethod, datatype: string}
# - {name: StarRadialVelocity, unit: km / s, datatype: float64}
# - {name: StarVsini, unit: km / s, datatype: float64}
# - {name: DeltaRadialVelocity, unit: km / s, datatype: float64}
# - {name: alpha, datatype: float64}
# - {name: g_alpha, datatype: float64}
# - {name: StarINSTRUmag(HARMONI), datatype: float64}
# - {name: StarINSTRUmag(ERIS), datatype: float64}
# - {name: StarINSTRUmag(MIRIMRS), datatype: float64}
# - {name: StarINSTRUmag(NIRCam), datatype: float64}
# - {name: StarINSTRUmag(NIRSpec), datatype: float64}
# - {name: StarJmag, datatype: float64}
# - {name: StarHmag, datatype: float64}
# - {name: StarHKmag, datatype: float64}
# - {name: StarCHANNEL1mag, datatype: float64}
# - {name: StarCHANNEL2mag, datatype: float64}
# - {name: PlanetINSTRUmag(HARMONI)(thermal+reflected), datatype: float64}
# - {name: PlanetINSTRUmag(HARMONI)(thermal), datatype: float64}
# - {name: PlanetINSTRUmag(HARMONI)(reflected), datatype: float64}
# - {name: PlanetINSTRUmag(ERIS)(thermal+reflected), datatype: float64}
# - {name: PlanetINSTRUmag(ERIS)(thermal), datatype: float64}
# - {name: PlanetINSTRUmag(ERIS)(reflected), datatype: float64}
# - {name: PlanetINSTRUmag(MIRIMRS)(thermal+reflected), datatype: float64}
# - {name: PlanetINSTRUmag(MIRIMRS)(thermal), datatype: float64}
# - {name: PlanetINSTRUmag(NIRCam)(thermal+reflected), datatype: float64}
# - {name: PlanetINSTRUmag(NIRCam)(thermal), datatype: float64}
# - {name: PlanetINSTRUmag(NIRCam)(reflected), datatype: float64}
# - {name: PlanetINSTRUmag(NIRSpec)(thermal+reflected), datatype: float64}
# - {name: PlanetINSTRUmag(NIRSpec)(thermal), datatype: float64}
# - {name: PlanetINSTRUmag(NIRSpec)(reflected), datatype: float64}
# - {name: PlanetJmag(thermal+reflected), datatype: float64}
# - {name: PlanetJmag(thermal), datatype: float64}
# - {name: PlanetJmag(reflected), datatype: float64}
# - {name: PlanetHmag(thermal+reflected), datatype: float64}
# - {name: PlanetHmag(thermal), datatype: float64}
# - {name: PlanetHmag(reflected), datatype: float64}
# - {name: PlanetHKmag(thermal+reflected), datatype: float64}
# - {name: PlanetHKmag(thermal), datatype: float64}
[...]
#     StarTeff:
#       __class__: astropy.units.quantity.Quantity
#       unit: *id002
#       value: !astropy.table.SerializedColumn {name: StarTeff}
#     StarVsini:
#       __class__: astropy.units.quantity.Quantity
#       unit: !astropy.units.Unit {unit: km / s}
#       value: !astropy.table.SerializedColumn {name: StarVsini}
# schema: astropy-2.0
StarName RA Dec Distance "Flux Ratio" AngSep ProjAU Phase SMA Ecc Inc PlanetName PlanetType PlanetMass PlanetRadius PlanetTeq PlanetLogg StarSpT StarMass StarTeff StarRad StarLogg StarKmag DiscoveryMethod StarRadialVelocity StarVsini DeltaRadialVelocity alpha g_alpha StarINSTRUmag(HARMONI) StarINSTRUmag(ERIS) StarINSTRUmag(MIRIMRS) StarINSTRUmag(NIRCam) StarINSTRUmag(NIRSpec) StarJmag StarHmag StarHKmag StarCHANNEL1mag StarCHANNEL2mag PlanetINSTRUmag(HARMONI)(thermal+reflected) PlanetINSTRUmag(HARMONI)(thermal) PlanetINSTRUmag(HARMONI)(reflected) PlanetINSTRUmag(ERIS)(thermal+reflected) PlanetINSTRUmag(ERIS)(thermal) PlanetINSTRUmag(ERIS)(reflected) PlanetINSTRUmag(MIRIMRS)(thermal+reflected) PlanetINSTRUmag(MIRIMRS)(thermal) PlanetINSTRUmag(NIRCam)(thermal+reflected) PlanetINSTRUmag(NIRCam)(thermal) PlanetINSTRUmag(NIRCam)(reflected) PlanetINSTRUmag(NIRSpec)(thermal+reflected) PlanetINSTRUmag(NIRSpec)(thermal) PlanetINSTRUmag(NIRSpec)(reflected) PlanetJmag(thermal+reflected) PlanetJmag(thermal) PlanetJmag(reflected) PlanetHmag(thermal+reflected) PlanetHmag(thermal) PlanetHmag(reflected) PlanetHKmag(thermal+reflected) PlanetHKmag(thermal) PlanetHKmag(reflected) PlanetKmag(thermal+reflected) PlanetKmag(thermal) PlanetKmag(reflected) PlanetCHANNEL1mag(thermal) PlanetCHANNEL2mag(thermal)
"HIP 3418" 10.8875093460083 33.84543228149414 20.57 5.471631495375158e-13 107.43234864843764 20.1939494040588 0.10965255368462946 32.88964849278782 0.39293655858567167 95.72914403636445 "HIP 3418 3" Terran 0.8159382585648463 0.7593173440187104 200.0 3.141965739281542 K8V 0.7517371140716429 4450.829467005808 0.5797067663558615 4.787716880666462 5.94 None 3.228681035450485 18.685331312148893 4.480458178090741 2.9933292520604096 0.0003450450361329437 6.028841607436897 6.369971657808567 5.9012950519639515 5.931397159504746 6.421797760408419 6.767281901483755 6.026337571274355 6.01936176263213 5.91133376675634 5.8641616167737 38.43346251522257 38.43427190567314 46.252782794862185 39.13312547238557 39.1342917980285 46.55596982252238 26.06764563455934 26.289312247854344 28.621903857614583 28.621903964241213 46.141550513030325 31.187725858078785 31.18772660782749 46.58974772485401 40.03125277337528 40.033273210925145 46.85796005720338 37.50893610180525 37.509287111041864 46.23512603952306 38.386245882116455 38.38702724692349 46.24381272466998 43.50984658146977 43.60627420697788 46.18651070124759 27.62775537081522 24.95298968464461
"HIP 48953" 149.79750061035156 -9.183220863342285 29.76 3.393087054920149e-11 395.5021242606646 11.958851474867918 1.392911681330941 12.90530891314937 0.10125020962972311 134.7428669397769 "HIP 48953 3" Neptunian 41.44841906293712 4.329781030545901 200.0 3.335731185402214 K4V 0.7303259875949564 4536.545582559668 0.4753772085099017 4.9475076698173615 7.140000000000001 None 28.925013008398984 7.687104797144495 5.033031093498089 1.696810961338949 0.2579864990517339 7.2197889588129485 7.532590474103776 7.106144418568828 7.127085102940185 7.581547019231753 7.887827837241086 7.217639139930001 7.2112525320347824 7.115114268038677 7.07285613170968 34.08621389136294 35.456052014465286 34.44769075262448 34.464263230477584 36.15607190682064 34.7208991788124 23.089309152552147 23.311092356646487 25.643323823208974 25.643684073033356 34.341305298640904 28.20688533141077 28.209506716619632 34.751179448741496 34.832572473837644 37.055053319717295 34.98268192421217 33.72685745435959 34.531067219834014 34.4301422039557 34.06694520031707 35.40880735571563 34.43967579500254 34.38721656100074 40.628054315770015 34.39068458935135 24.649535479607362 21.974769793436757
"HIP 61629" 189.47164916992188 -52.001548767089844 9.69 3.04105064736382e-11 401.87674787722915 3.942750013229734 1.7279124852091996 4.247410103720346 0.2717510324871465 91.52193262192459 "HIP 61629 2" Neptunian 5.306848208990411 1.5148608435093163 200.0 3.3552462677343566 M3V 0.46668245409809234 3734.317308948611 0.15949876654884723 5.701574442529878 6.03 None -18.393503649789114 15.97832281323078 9.869517770704466 1.4137360544162052 0.4004194020259659 6.180641296494719 6.537859926188103 5.774778659043841 5.952436252865642 6.57487338642086 6.952941121607681 6.208102202704671 6.1704261419368125 5.789189682324788 5.723364204500021 32.69709749812062 35.29997223237277 32.800639927547856 33.04545373161815 35.999992124728124 33.11934681088916 22.932748136086634 23.155012574553965 25.485981632215456 25.48760429094083 32.550535686949694 28.043429795373065 28.05342693452711 33.13804598628055 33.39375881569774 36.89897353762477 33.4376510104278 32.58052311672636 34.37498743774149 32.81134999653252 32.6839833016195 35.252727573623105 32.791000676774274 32.67381907133986 40.471974533677496 32.674644400501414 24.493455697514833 21.818690011344227
"HIP 80817" 247.5557861328125 -14.663291931152344 22.43 9.547820539950446e-12 999.0576646605746 22.6510580527994 1.4244301454561752 18.177381004477276 0.3668617922369833 97.57276161209904 "HIP 80817 3" Neptunian 95.19977220433042 4.331241379434897 200.0 3.6965662160173642 M3V 0.4778332013931615 3808.609875061861 0.16832641829374898 5.665039385033607 7.609999999999999 None 19.138150456940927 17.663693355164416 4.788407671131262 1.7158768733571312 0.24935616509834468 7.760641296494718 8.117859926188103 7.35477865904384 7.53243625286564 8.154873386420858 8.53294112160768 7.788102202704669 7.750426141936812 7.369189682324787 7.303364204500019 34.456879310283 34.84130147710787 35.77071476827499 35.02857122302876 35.541321369463226 36.0894216516163 22.474649818297312 22.696341819289067 25.028864505382884 25.028933535675932 35.52061052767682 27.594329311768128 27.59475617926221 36.10812082700769 35.67131715051664 36.44030278235987 36.40772585115493 33.7371127960627 33.91631668247659 35.78142483725965 34.42071185941152 34.79405681835821 35.76107551750141 35.62546906184794 40.0133037784126 35.64471924122854 24.034784942249942 21.360019256079326
"HIP 37606" 115.73817443847656 -45.17177200317383 24.67 2.2888622711252497e-10 78.32803760146278 1.9434428956833052 1.677678602764906 1.7943289598272083 0.11231393317116649 32.77978842032215 "HIP 37606 5" Neptunian 8.131966280982441 1.657600815029403 441.8855811985244 3.4623907479292764 G6IV 1.480255304581862 5404.26756361682 2.5795945533430222 3.7853013508199687 3.23 None -15.587510478796588 14.272649626838326 14.646760423129018 1.5130069708319327 0.34771955573092855 3.279592688289135 3.497240107818129 3.217649773462574 3.2202342257579715 3.5382211941924773 3.725431169816516 3.2783468732618273 3.2741994947710977 3.2229306815542644 3.1977557499191733 26.484905302452976 26.761262069292208 28.105789884155218 26.20713213008812 26.38464387157717 28.260922101301695 20.27645529213659 20.665070739111194 23.218147055744616 23.228660502784987 28.25834750894813 25.234992273413482 25.302789656072967 28.280052183987642 25.863290715612838 25.979538379289643 28.346746213240024 26.03048728873079 26.2107846441352 28.068726154074845 26.4495700002458 26.718386091820182 28.096878944934986 26.409331434373946 26.65461071984694 28.144821877961586 21.608066215777125 19.47219110486722
"HIP 103768" 315.4122314453125 -32.5241813659668 20.31 8.945117409485494e-12 604.5381040704665 12.287653879475886 1.5315022766315842 11.411134256411703 0.09450016288251321 132.51756457939925 "HIP 103768 5" Neptunian 7.970714405998061 2.5459180511700787 200.0 3.0809634897541214 K5V 0.6738139504384847 4231.711066537304 0.4715566742768981 4.919539833318398 6.219999999999999 None 23.644525392754566 17.313145009247826 5.33476467151653 1.599755394882215 0.3039658196280283 6.329004196184864 6.682314477303516 6.116772972592798 6.190074000119976 6.7299613098761855 7.095904563211927 6.335515423889159 6.319029062475405 6.1283544288557845 6.074330905142088 34.02487454187992 35.77954456241139 34.2653458507962 34.406817678822996 36.479564454766745 34.58099668147984 23.412716359829684 23.634584904592586 25.96657648266457 25.96717662097945 34.11055895168967 28.528982855319526 28.53299926456573 34.61070634530495 34.79313878639722 37.37854586766339 34.89844462250441 33.762238683916635 34.85455976778011 34.25642495346413 34.00781188090734 35.73229990366173 34.25589768102984 34.17709643468689 40.95154686371612 34.17921659212007 24.97302802755346 22.29826234138285
"HIP 44075" 134.68243408203125 -16.13324546813965 21.03 1.1185270517893378e-10 27.780822527580355 1.0076029577011336 2.5230820448398936 1.1811687454591704 0.515645696122606 94.64039243324758 "HIP 44075 4" Neptunian 5.671600558095989 2.5105012916575764 421.1530519356285 2.945339820224264 F8V 1.2047419771430672 6343.880598874681 1.119399888097614 4.420991151834274 4.359999999999999 None -23.844219553646575 18.478577721194466 29.98204928891073 0.6231017991707528 0.8367582223812186 4.386609083649298 4.519139633104642 4.359124562555035 4.354441449581515 4.55019933044949 4.649667667585452 4.3862172204274765 4.383946152576791 4.35964336434126 4.356915338607236 25.815853835788353 26.74781185082974 26.414523392330324 25.645583301592232 26.315762600059756 26.48732423168878 19.521319527412665 19.78570266034722 22.680525518064517 22.71169487813424 26.55106399953887 24.68471721332961 24.912961178924995 26.49021017009172 25.39751202217277 25.888328505805266 26.495703997033 25.520706182737417 26.173592991450313 26.38305628668217 25.79420085708024 26.705056861303447 26.408660697030083 25.825098640253383 26.700588548616658 26.467269434120695 20.910114996050062 18.51756030626107
"HIP 56489" 173.71080017089844 -13.241853713989258 25.97 1.7117981637822723e-12 315.3384514169221 9.580238208987046 2.1163967583884116 11.6138916255309 0.3523783151043893 147.9080926852711 "HIP 56489 3" Neptunian 14.709493475471087 1.9814568014444398 200.0 3.5647835828419447 K7V 0.6357086939788631 4409.234032365268 0.3488202067001511 5.156122507998206 7.330000000000001 None 2.4656650110061804 6.0727248582774 3.702294650584155 1.291481246451502 0.46833420068684234 7.418841607436897 7.759971657808568 7.291295051963953 7.321397159504746 7.811797760408419 8.157281901483755 7.416337571274355 7.4093617626321295 7.301333766756341 7.2541616167737 35.20151925686011 36.857653752490876 35.46786881293844 35.57953739559584 37.55767364484623 35.771055840598635 24.49086041587121 24.712694094672074 27.044771671287748 27.04528581105894 35.35663653110658 29.60749841478963 29.61110845464522 35.80483374293026 35.958452454345974 38.45665505774288 36.073046075279635 34.912285112505735 35.9326689578596 35.45021205759931 35.18410720030001 36.81040909374122 35.45889874274623 35.39917559956371 42.029656053795605 35.40159671932385 26.05113721763295 23.37637153146234
"HIP 71908" 220.6278533935547 -64.97457122802734 16.57 3.096323914885814e-11 656.8094172607697 11.061426169676515 1.3911085002318568 19.242250451337295 0.4295108060987825 25.8995930050069 "HIP 71908 10" Neptunian 32.49369960392018 3.691664890598855 200.0 3.3685097006992413 A5V 1.6661154974367398 7725.929715876616 2.0150089969682483 4.051218752120766 2.74 None 1.082594119484618 5.4496024362594175 3.828322406573372 1.6489409724788517 0.2802477276733967 2.757071164243335 2.7970882449398156 2.7440736702883815 2.742784387677948 2.809692711530618 2.835264756278261 2.7617950783901057 2.7565262637986523 2.7435593527167743 2.7457885752353057 31.0632203972103 34.53071823296657 31.108697079717604 31.069570568933656 35.230738125321935 31.093339099392026 22.163078495241315 22.38575857514777 24.715257161238696 24.718350291534637 31.08011862230681 27.251768714434355 27.284172935120917 31.080737375381094 31.045710136775778 36.12971953821858 31.055805876433332 30.99389114186877 33.6057334383353 31.096540326412562 31.061353113724564 34.483473574216916 31.10881376452245 31.114599991981567 39.7027205342713 31.11499860898864 23.724201698108644 21.049436011938035
"HIP 13665" 43.98643112182617 61.52106475830078 26.71 4.6051362530673906e-11 69.3197324911377 2.0054405093071024 1.9651279821989531 1.7068666600782043 0.21691630235433115 143.7103248898044 "HIP 13665 1" Terran 0.33387455187167586 0.9869402751781494 416.306733599887 2.5261566559249578 F4V 1.409372561072126 6624.712472253686 1.449425200297071 4.264701823575154 4.45 None -1.5071818398683767 8.240993992467576 16.018844605291008 1.3413992181048087 0.440270475025024 4.473258659571908 4.591687119229716 4.4506780440727125 4.44636718684965 4.620714101261506 4.707482556437384 4.4730407675705495 4.470977875836061 4.450861077197637 4.449744466687506 29.210487058085373 29.90476565653409 30.02466703178915 29.16144627276764 29.768075001711978 30.082678099195 21.96578646581543 22.177537409582083 25.33066094947632 25.343360048868444 30.166882804500087 27.596214540553543 27.712158525049766 30.082551569646057 28.98210088636568 29.47426992629381 30.077930411974776 28.962096356905086 29.493084559393708 29.99339039029251 29.187087327710906 29.86559517793173 30.019154542187078 29.031879504931965 29.551776890432848 30.080991773892677 23.29445456178927 20.910780266754877
"HIP 41689" 127.48197937011719 61.72749710083008 19.74 2.2177024397899393e-11 830.5150867582186 18.875045129051472 1.0523168650824795 27.02826893424371 0.30167940878832517 120.05155921928362 "HIP 41689 3" Neptunian 92.52751760307724 5.821840368934917 200.0 3.427305406320487 M0V 0.5893041479588766 4034.024071541386 0.33016129909863196 5.170954795878572 6.789999999999999 None -7.438194307627782 14.810457244345958 3.8076838726530893 2.0141202301425056 0.13359717026160992 6.918628355528178 7.278937888647245 6.615908496688299 6.737970869324985 7.321736744047231 7.700864702513527 6.934324347101115 6.908311711842259 6.6291882152419115 6.567864079527093 33.74811111474533 33.92165132274217 35.82453622849946 34.383424876856225 34.62167121509753 36.14711583719376 21.555015665895873 21.77669166492337 24.10925651286874 24.109283381310238 35.62547455710399 26.674933453274903 26.675106024896515 36.171907087697214 35.14283304991156 35.520652627994174 36.472369866697086 32.91920963778815 32.99666652811089 35.82436850741147 33.706321240897985 33.87440666399252 35.81476560188359 35.6718632892716 39.0936536240469 35.719338693207696 23.11513478788424 20.440369101713635
"HIP 69485" 213.37969970703125 -6.959313869476318 19.36 7.33865605017822e-13 573.1755694255678 18.323755280151087 0.650506802424005 15.606437802931321 0.5269758551341502 76.96946434926123 "HIP 69485 8" Terran 0.24277055601788228 0.683019628372168 200.0 2.707484726028645 M0V 0.5728436857756063 3886.043480299591 0.3738918761732722 5.050611699670613 6.5600000000000005 None 21.885990309266752 12.67552265428641 5.559426483738749 2.4579637272781514 0.03234119472133518 6.710641296494719 7.067859926188103 6.3047786590438415 6.482436252865642 7.10487338642086 7.4829411216076815 6.738102202704672 6.700426141936813 6.319189682324788 6.253364204500022 38.38416183902085 38.532577889612625 40.61813328938092 39.02732723679938 39.23259778196798 40.93684017272221 26.165942887942254 26.387618231793823 28.720186147360707 28.72020994818069 40.36802904878275 31.285885397065133 31.286032591766965 40.95553934811362 39.801504544474675 40.13157919486463 41.25514437226086 37.54241183574203 37.60759309498135 40.62884335836557 38.341649875587834 38.48533323086296 40.60849403860733 40.437219424508356 43.704580190917355 40.49213776233447 27.726061354754698 25.051295668584082
"HIP 88961" 272.3841552734375 -0.32709801197052 29.94 1.5192212355008656e-12 661.0375361942695 25.62098549330435 2.2588698986851736 25.579053285576553 0.04962250128895851 121.40395790283034 "HIP 88961 8" Neptunian 73.29160616770018 5.3678078383945635 200.0 3.396615400865275 K4V 0.7947607359147079 4695.226277390441 0.6757634975317314 4.678714572641747 6.550000000000001 None 21.45698403828615 19.74157422948088 4.4816741229515715 0.9979516576781601 0.6373420368411615 6.629788958812949 6.942590474103776 6.516144418568829 6.537085102940185 6.991547019231753 7.297827837241088 6.627639139930002 6.621252532034783 6.525114268038678 6.482856131709681 33.560451118206814 35.00249122620582 33.894676966244866 33.93144183989229 35.702511118561176 34.167885392432794 22.635737177547533 22.85753156838702 25.18972848393535 25.19012328477389 33.788291512261296 27.753073416719054 27.755945928360166 34.19816566236188 34.291899752389675 36.60149253145783 34.42966813783256 33.220126386067896 34.07750643157455 33.87712841757608 33.54190296428497 34.955246567456165 33.886662008622935 33.834505887660896 40.17449352751055 33.837670802971736 24.195974691347896 21.521209005177283
