sim_data/Simulated_table/Simulated_Pull_NIRSpec_BT-Settl+PICASO.ecsv
# %ECSV 1.0
# ---
# datatype:
# - {name: StarName, datatype: string}
# - {name: RA, datatype: float64}
# - {name: Dec, datatype: float64}
# - {name: Distance, unit: pc, datatype: float64}
# - {name: Flux Ratio, datatype: float64}
# - {name: AngSep, unit: mas, datatype: float64}
# - {name: ProjAU, unit: AU, datatype: float64}
# - {name: Phase, unit: rad, datatype: float64}
# - {name: SMA, unit: AU, datatype: float64}
# - {name: Ecc, datatype: float64}
# - {name: Inc, unit: deg, datatype: float64}
# - {name: PlanetName, datatype: string}
# - {name: PlanetType, datatype: string}
# - {name: PlanetMass, unit: earthMass, datatype: float64}
# - {name: PlanetRadius, unit: earthRad, datatype: float64}
# - {name: PlanetTeq, unit: K, datatype: float64}
# - {name: PlanetLogg, unit: dex(cm / s2), datatype: float64}
# - {name: StarSpT, datatype: string}
# - {name: StarMass, unit: solMass, datatype: float64}
# - {name: StarTeff, unit: K, datatype: float64}
# - {name: StarRad, unit: solRad, datatype: float64}
# - {name: StarLogg, unit: dex(cm / s2), datatype: float64}
# - {name: StarKmag, datatype: float64}
# - {name: DiscoveryMethod, datatype: string}
# - {name: StarRadialVelocity, unit: km / s, datatype: float64}
# - {name: StarVsini, unit: km / s, datatype: float64}
# - {name: DeltaRadialVelocity, unit: km / s, datatype: float64}
# - {name: alpha, datatype: float64}
# - {name: g_alpha, datatype: float64}
# - {name: StarINSTRUmag(HARMONI), datatype: float64}
# - {name: StarINSTRUmag(ERIS), datatype: float64}
# - {name: StarINSTRUmag(MIRIMRS), datatype: float64}
# - {name: StarINSTRUmag(NIRCam), datatype: float64}
# - {name: StarINSTRUmag(NIRSpec), datatype: float64}
# - {name: StarJmag, datatype: float64}
# - {name: StarHmag, datatype: float64}
# - {name: StarHKmag, datatype: float64}
# - {name: StarCHANNEL1mag, datatype: float64}
# - {name: StarCHANNEL2mag, datatype: float64}
# - {name: PlanetINSTRUmag(HARMONI)(thermal+reflected), datatype: float64}
# - {name: PlanetINSTRUmag(HARMONI)(thermal), datatype: float64}
# - {name: PlanetINSTRUmag(HARMONI)(reflected), datatype: float64}
# - {name: PlanetINSTRUmag(ERIS)(thermal+reflected), datatype: float64}
# - {name: PlanetINSTRUmag(ERIS)(thermal), datatype: float64}
# - {name: PlanetINSTRUmag(ERIS)(reflected), datatype: float64}
# - {name: PlanetINSTRUmag(MIRIMRS)(thermal+reflected), datatype: float64}
# - {name: PlanetINSTRUmag(MIRIMRS)(thermal), datatype: float64}
# - {name: PlanetINSTRUmag(NIRCam)(thermal+reflected), datatype: float64}
# - {name: PlanetINSTRUmag(NIRCam)(thermal), datatype: float64}
# - {name: PlanetINSTRUmag(NIRCam)(reflected), datatype: float64}
# - {name: PlanetINSTRUmag(NIRSpec)(thermal+reflected), datatype: float64}
# - {name: PlanetINSTRUmag(NIRSpec)(thermal), datatype: float64}
# - {name: PlanetINSTRUmag(NIRSpec)(reflected), datatype: float64}
# - {name: PlanetJmag(thermal+reflected), datatype: float64}
# - {name: PlanetJmag(thermal), datatype: float64}
# - {name: PlanetJmag(reflected), datatype: float64}
# - {name: PlanetHmag(thermal+reflected), datatype: float64}
# - {name: PlanetHmag(thermal), datatype: float64}
# - {name: PlanetHmag(reflected), datatype: float64}
# - {name: PlanetHKmag(thermal+reflected), datatype: float64}
# - {name: PlanetHKmag(thermal), datatype: float64}
[...]
#       value: !astropy.table.SerializedColumn {name: StarTeff}
#     StarVsini:
#       __class__: astropy.units.quantity.Quantity
#       unit: !astropy.units.Unit {unit: km / s}
#       value: !astropy.table.SerializedColumn {name: StarVsini}
# schema: astropy-2.0
StarName RA Dec Distance "Flux Ratio" AngSep ProjAU Phase SMA Ecc Inc PlanetName PlanetType PlanetMass PlanetRadius PlanetTeq PlanetLogg StarSpT StarMass StarTeff StarRad StarLogg StarKmag DiscoveryMethod StarRadialVelocity StarVsini DeltaRadialVelocity alpha g_alpha StarINSTRUmag(HARMONI) StarINSTRUmag(ERIS) StarINSTRUmag(MIRIMRS) StarINSTRUmag(NIRCam) StarINSTRUmag(NIRSpec) StarJmag StarHmag StarHKmag StarCHANNEL1mag StarCHANNEL2mag PlanetINSTRUmag(HARMONI)(thermal+reflected) PlanetINSTRUmag(HARMONI)(thermal) PlanetINSTRUmag(HARMONI)(reflected) PlanetINSTRUmag(ERIS)(thermal+reflected) PlanetINSTRUmag(ERIS)(thermal) PlanetINSTRUmag(ERIS)(reflected) PlanetINSTRUmag(MIRIMRS)(thermal+reflected) PlanetINSTRUmag(MIRIMRS)(thermal) PlanetINSTRUmag(NIRCam)(thermal+reflected) PlanetINSTRUmag(NIRCam)(thermal) PlanetINSTRUmag(NIRCam)(reflected) PlanetINSTRUmag(NIRSpec)(thermal+reflected) PlanetINSTRUmag(NIRSpec)(thermal) PlanetINSTRUmag(NIRSpec)(reflected) PlanetJmag(thermal+reflected) PlanetJmag(thermal) PlanetJmag(reflected) PlanetHmag(thermal+reflected) PlanetHmag(thermal) PlanetHmag(reflected) PlanetHKmag(thermal+reflected) PlanetHKmag(thermal) PlanetHKmag(reflected) PlanetKmag(thermal+reflected) PlanetKmag(thermal) PlanetKmag(reflected) PlanetCHANNEL1mag(thermal) PlanetCHANNEL2mag(thermal) SNR_band name_band SNR_INSTRU SNR_J SNR_H SNR_HK SNR_K SNR_CHANNEL1 SNR_CHANNEL2
[from data line 745]
"HIP 94761" 289.2316589355469 5.172141075134277 5.85 1.117206622349261e-11 631.7087403717969 3.7760019987690945 1.3639311911957068 6.285275684440851 0.4020807885073051 162.61710397013698 "HIP 94761 4" Neptunian 2.896678798740688 1.3056483547455895 200.0 3.2214029709896663 M2V 0.47405854332688496 3854.6800562527155 0.18366871160338405 5.58582924595563 4.669999999999999 None -0.8061943752122822 14.975596442708257 2.4438099964176025 1.6321972409021122 0.2882281762027492 4.820641296494718 5.177859926188102 4.414778659043839 4.592436252865639 5.214873386420859 5.59294112160768 4.84810220270467 4.81042614193681 4.429189682324786 4.3633642045000185 32.73893852471599 34.52686524834169 32.97131987410159 33.121438576499074 35.22688514069705 33.29002675744289 22.15998831205109 22.38190559052289 24.713816692939087 24.71449730690976 32.72121563350342 27.557777621466506 27.280319950496036 33.30872593283428 33.50614315380508 36.1258665535937 33.60833095698153 32.494400700510894 33.601880453710415 32.982029943086246 32.72301146327217 34.47962058959204 32.96168062332801 32.8438162743151 39.69886754964642 32.84532434705514 23.720348713483766 21.04558302731316 [2.6717259132207274e-07,2.7487003022400395e-06,3.4601368552499397e-07,0.014205561207684717,4.560903123515866e-07,3.8072834890399796e-06,6.231164723691981e-07,0.02080615362613878] "[""G140M-F070"",""G140M-F100"",""G235M-F170"",""G395M-F290"",""G140H-F070"",""G140H-F100"",""G235H-F170"",""G395H-F290""]" 0.02080615362613878 nan nan nan nan nan nan
"HIP 64150" 197.21238708496094 5.208868980407715 26.13 1.5817988257489837e-10 171.25542561932937 9.969739817562353 0.465476494240495 8.930006761681746 0.37132123637823394 64.12101688873594 "HIP 64150 2" Jovian 138.26289345397043 7.501595013760375 200.0 3.38155349450862 G5IV 1.1412366749605638 5706.318906148559 1.1047991169973743 4.408876710139894 5.199999999999999 None 3.9809603246096117 16.298762386075722 9.58165345936386 2.504779692028636 0.026305666111563968 5.2402525475106065 5.419937866577187 5.186372211027309 5.187014848991051 5.45633346046424 5.602408591444066 5.240017759228305 5.236202846265171 5.189461873098478 5.174580543325914 32.597548892762454 33.98014602404098 32.954026297071756 32.86108841549656 34.680165916396334 33.08616554539056 21.6134052395981 21.835186366222178 24.16742489614498 24.167778082609047 32.88690215749432 27.012078043552677 26.733600726195323 33.10092825397311 33.069608477567826 35.57914732929299 33.18378167976881 32.24117933111335 33.055161229409705 32.93708784584757 32.582953353127024 33.93290136529132 32.95060677435654 32.93485564668171 39.152148325345706 32.93778782402469 23.17362948918305 20.49886380301244 [3.36215784929097e-08,4.309667028733387e-07,3.823130766157235e-08,0.003438673561805775,5.829261498312191e-08,6.247135196842332e-07,6.94706935434643e-08,0.0050205158096991295] "[""G140M-F070"",""G140M-F100"",""G235M-F170"",""G395M-F290"",""G140H-F070"",""G140H-F100"",""G235H-F170"",""G395H-F290""]" 0.0050205158096991295 nan nan nan nan nan nan
"HIP 40952" 125.36787414550781 -39.70595932006836 28.07 1.3161162767510645e-12 298.0957038798805 8.440578151287188 1.7024395099154883 9.614372091068578 0.16622610996717646 7.702321214844165 "HIP 40952 10" Terran 0.32574785770849174 0.8772382668807196 200.0 2.6178015137845376 G8III 1.0352399799322085 5567.728737397792 1.0416990392716037 4.417624135720678 5.57 None -24.58255974887473 18.183350434831006 1.3099161780426145 1.5532026824844554 0.3271555149465872 5.614651020410256 5.811864188828821 5.556639912866918 5.5580169571389435 5.850394197318921 6.015057249326311 5.613754614336532 5.61002768096912 5.560726331874771 5.541169991685575 35.365077483447415 38.79584126917384 35.412153531402396 35.534265586166455 39.495861161529206 35.56289412725309 26.42821024934872 26.65088161135504 28.98037027117421 28.983473327741905 35.34175799810899 31.799661697604463 31.54929597132819 35.580179503955975 35.66561210352337 40.394842574425844 35.680112481822704 35.287603532219 37.87085647454256 35.39474700194869 35.360879608218056 38.74859661042419 35.40814550534641 35.39155564529933 43.96784357047857 35.391345872102285 27.989324734315915 25.314559048145306 [5.08071941564689e-09,1.4914652597201876e-08,8.651481884386555e-09,9.264679188237037e-05,7.253112660569702e-09,2.226792682852909e-08,1.5889611798330542e-08,0.00013556846304764038] "[""G140M-F070"",""G140M-F100"",""G235M-F170"",""G395M-F290"",""G140H-F070"",""G140H-F100"",""G235H-F170"",""G395H-F290""]" 0.00013556846304764038 nan nan nan nan nan nan
"HIP 51007" 156.29685974121094 -10.228986740112305 12.35 4.447109810217402e-13 1020.1723969620422 13.71173034304405 1.976416889042987 13.058375060872068 0.06702383084794124 62.46072587971173 "HIP 51007 13" Terran 1.9374718541877265 1.0688628956391646 200.0 3.220546481567624 M0V 0.5008454804086853 3854.6800562527155 0.24129386006014664 5.372678844321329 6.03 None 13.022412005219849 11.163655861514387 5.172217384166286 1.2133535540912148 0.5129393475066167 6.180641296494719 6.537859926188103 5.774778659043841 5.952436252865642 6.57487338642086 6.952941121607681 6.208102202704671 6.1704261419368125 5.789189682324788 5.723364204500021 35.321036598693304 36.58394182856125 35.72784107723125 35.74518311487693 37.28396172091661 36.04654796057255 24.217183948422317 24.43898217074245 26.771216459885053 26.771573887129314 35.477736836633085 29.617132116095767 29.337396530715594 36.06524713596394 36.1776871388138 38.182943133813254 36.36485216011119 34.94447332962765 35.65895703392997 35.73855114621591 35.30042156621621 36.53669716981159 35.71820182645767 35.59856036328838 41.75594412986598 35.601845550184805 25.777425293703324 23.102659607532715 [1.0868271772622138e-07,1.2516502331356403e-06,8.833572420320816e-08,0.006265186346632843,2.297238400381571e-07,2.0920757132132437e-06,1.8254887760012388e-07,0.010878956667945644] "[""G140M-F070"",""G140M-F100"",""G235M-F170"",""G395M-F290"",""G140H-F070"",""G140H-F100"",""G235H-F170"",""G395H-F290""]" 0.010878956667945644 nan nan nan nan nan nan
"HIP 7339" 23.641162872314453 68.94786071777344 20.66 3.0540179658712755e-11 703.6162554269608 15.327893947392115 1.2480970409781473 10.778229881181693 0.42216499687428094 129.55952435818585 "HIP 7339 8" Neptunian 97.50174164215109 4.649421470308929 200.0 3.6453696218188543 G6V 1.016100120199406 5636.113022413328 1.00467805748961 4.440950295594324 4.89 None 12.07799562419794 2.1741563788155904 7.051539568153447 1.8177939512555628 0.2056250878287572 4.934651020410255 5.1318641888288195 4.876639912866917 4.878016957138943 5.17039419731892 5.335057249326311 4.933754614336532 4.930027680969119 4.8807263318747705 4.861169991685575 31.77206747729199 34.50887404903553 31.863074731464167 31.95803399978757 35.20889394139089 32.01381532731486 22.141738462742033 22.36391439121673 24.694932341118196 24.696506107603597 31.792679198170752 27.52830717820968 27.262328751189877 32.03110070401773 32.102991918788824 36.10787535428754 32.13103368188447 31.644838679932754 33.583889254404255 31.84566820201045 31.76613440281045 34.46162939028588 31.85906670540817 31.842084863525177 39.68087635034026 31.842267072164052 23.702357514177606 21.027591828006997 [7.132557458557879e-07,3.4853355863606006e-06,1.1200700400236045e-06,0.019950056759418244,9.91457653038574e-07,4.70100640371771e-06,2.036001092625223e-06,0.029334862999015544] "[""G140M-F070"",""G140M-F100"",""G235M-F170"",""G395M-F290"",""G140H-F070"",""G140H-F100"",""G235H-F170"",""G395H-F290""]" 0.029334862999015544 nan nan nan nan nan nan
"HIP 75277" 230.6957244873047 18.918771743774414 19.6 8.907468370770047e-13 623.2321919370523 12.932530937553597 1.9053879288458708 10.31462084183186 0.7588214353683953 25.406226845625532 "HIP 75277 11" Terran 1.4215995993584356 1.183944799974825 200.0 2.9972694655779035 K0V 0.8700206523288567 5250.7063834266155 0.8330605938055391 4.536244006094367 5.26 None -3.960914784191207 4.337180271261271 3.711276655175501 1.4294385928526228 0.39191797017402397 5.317046614926272 5.554798561016646 5.238828448334196 5.246707146162285 5.597022209984674 5.808062663670569 5.315542788635802 5.311008459356511 5.244695368771685 5.216807576492184 34.35020939193891 37.36484013186647 34.41999309533812 34.5694192478566 38.06486002422183 34.6137165574533 24.997534626482647 25.21988047404767 27.55037358780262 27.55247219043454 34.33590798706584 30.38038638707162 30.118294834020816 34.635566275817276 34.75474118840524 38.963841437118475 34.77841319198199 34.24631927137572 36.439855337235194 34.40238412383242 34.34387749362343 37.31759547311682 34.41452904076127 34.38640513361504 42.5368424331712 34.38640491130719 26.558323597008542 23.883557910837933 [6.219895905155822e-08,2.571532187231747e-07,1.1118486359182163e-07,0.0015045553786758698,8.804163136556519e-08,3.636507810282872e-07,2.0316522519185474e-07,0.0022086759649740666] "[""G140M-F070"",""G140M-F100"",""G235M-F170"",""G395M-F290"",""G140H-F070"",""G140H-F100"",""G235H-F170"",""G395H-F290""]" 0.0022086759649740666 nan nan nan nan nan nan
"HIP 27111 A" 86.23652648925781 9.243790626525879 16.34 7.021353717438833e-13 1254.785344427787 21.261224290693956 1.8386289144739874 35.1676057608131 0.5478359345983561 164.39917583217863 "HIP 27111 A" Neptunian 6.069655887786918 1.6060307974694032 200.0 3.362811413676468 F8V 0.47056256769088356 5601.697844213074 0.08698986979598992 6.231747642653255 10.17 None 0.5961113394204496 1.9905090618568178 0.9265822950702731 1.4995649803079893 0.35470196160968603 10.214651020410257 10.41186418882882 10.156639912866918 10.158016957138944 10.450394197318921 10.615057249326313 10.213754614336533 10.21002768096912 10.160726331874772 10.141169991685576 36.298026375957136 36.30770796246059 41.42730804659293 36.99171790098459 37.00772785481595 41.57804864244362 23.941081327009385 24.162748304641788 26.49533878765384 26.495340021028653 41.35691251329951 29.34340944092896 29.061162664614933 41.5953340191465 37.86878756235035 37.90670926771259 41.69526699701322 35.37862517745639 35.38272316782931 41.40990151713921 36.251286008947105 36.260463303710935 41.423300020536935 40.69027232538361 41.47971026376532 41.40650038729281 25.50119142760266 22.82642574143205 [1.3061306472783206e-06,1.8109101743197054e-05,4.832453763655662e-07,0.10182259199708317,2.2803689659239734e-06,2.5153711374956383e-05,8.25774375554346e-07,0.13195967073851317] "[""G140M-F070"",""G140M-F100"",""G235M-F170"",""G395M-F290"",""G140H-F070"",""G140H-F100"",""G235H-F170"",""G395H-F290""]" 0.13195967073851317 nan nan nan nan nan nan
"HIP 34017" 105.87648010253906 29.339092254638672 19.13 1.630067564664618e-11 121.48676151937605 2.475640111908578 1.9225673114854005 1.9545957495429693 0.32174502625836415 108.50581825019361 "HIP 34017 5" Terran 0.24394383878009288 0.6792030564015631 303.04372746881864 2.714445672580471 G4V 1.0927528402633002 5967.543450190654 1.0838764432005066 4.406630016271502 4.53 None 13.208901574560358 7.778981826207351 21.118719345459223 1.2379397633971818 0.49882986771751125 4.564824203950798 4.727039682285927 4.5232299743896105 4.520156243582503 4.761756650309698 4.88977469214229 4.564453835971017 4.5613194292740875 4.525175739594698 4.515678933336118 30.77385358496668 32.34672619104892 31.064533474301754 30.656896073635934 31.730054476711246 31.16228391326535 23.583447664946323 23.891803994014346 26.43102079567267 26.446205244634605 31.074417381361584 29.022208774876272 28.893026416464313 31.170171751614365 30.459212629398507 31.234816293896756 31.20944916786524 30.482864002125787 31.502989705437514 31.036354339727616 30.75708283796991 32.301678966526914 31.060624104360826 30.994913088414826 33.72446385529932 31.084530032269377 25.155913008393405 22.58201196364441 [7.546970298453915e-07,1.536902593687159e-06,3.430731501393699e-06,0.0001973409774330863,1.4034864290936454e-06,2.7301551177448522e-06,5.550655476983649e-06,0.0003755453629772334] "[""G140M-F070"",""G140M-F100"",""G235M-F170"",""G395M-F290"",""G140H-F070"",""G140H-F100"",""G235H-F170"",""G395H-F290""]" 0.0003755453629772334 nan nan nan nan nan nan
"HIP 111566" 339.0328369140625 -66.92442321777344 29.47 8.095904858043833e-13 314.1426203574808 9.740703265337642 1.2545916033691014 8.545600250248969 0.16317319422550097 82.25526555969492 "HIP 111566 5" Terran 0.4253937404480543 0.7776774304612457 200.0 2.8383471867226264 M2V 0.7225813626367064 4514.792642720805 0.5308361683044787 4.84703337167527 6.890000000000001 None 10.29612492854669 13.666414896728778 8.581948374192761 1.8840180353943075 0.1794807488452818 6.9697889588129485 7.282590474103774 6.856144418568828 6.877085102940184 7.331547019231753 7.637827837241087 6.967639139930001 6.961252532034782 6.865114268038677 6.82285613170968 37.2253586913373 39.1631202504771 37.42484155260796 37.55947688705958 39.86314014283246 37.69804997879588 26.796265592006403 27.018160592658298 29.35004680144764 29.350752309045163 37.31845609862438 32.19283922618835 31.91657495263144 37.72833024872497 37.87979600274539 40.7621215557291 37.95983272419565 36.99146379378073 38.23813545584582 37.40729300393917 37.21234837676958 39.11587559172744 37.41682659498602 37.36657506744137 44.33512255178183 37.36783538933482 28.356603715619173 25.681838029448564 [3.4086101562440042e-09,3.625450827032069e-08,4.793880694323748e-09,0.00019298958662771973,5.992825082863718e-09,5.483614233488467e-08,8.77310223271345e-09,0.00028267871364682617] "[""G140M-F070"",""G140M-F100"",""G235M-F170"",""G395M-F290"",""G140H-F070"",""G140H-F100"",""G235H-F170"",""G395H-F290""]" 0.00028267871364682617 nan nan nan nan nan nan
"HIP 99764" 303.617431640625 -7.281322002410889 20.27 4.526789844010087e-14 675.4472445924642 19.063607808675247 2.3403932393411706 20.94023470753178 0.14180928572859025 94.34561439075556 "HIP 99764 11" Terran 0.23558254618178032 0.6879532092297794 200.0 2.688180391432353 K7V 0.6212385899290285 4034.024071541386 0.3550036064755255 5.1308605224482315 6.7299999999999995 None -6.264533988420311 6.484287554815533 5.115421895323002 0.803981096680777 0.7455024187722726 6.858628355528179 7.218937888647245 6.5559084966883 6.677970869324986 7.261736744047233 7.640864702513528 6.874324347101116 6.84831171184226 6.569188215241912 6.507864079527094 37.500544151277424 38.61669128584908 37.98123026407797 37.94361674184019 39.316711178204436 38.30380987277227 26.249967462998796 26.471731628030277 28.804045033298287 28.804323344417142 37.782168592682496 31.65035784764617 31.37014598800342 38.328601123275725 38.40173206519456 40.21569259110108 38.62906390227559 37.073416225555455 37.6917064912178 37.981062542989974 37.478271374406106 38.56944662709942 37.9714596374621 37.87182389022731 43.78869358715381 37.8760327287862 27.810174750991152 25.135409064820543 [1.4202445270864004e-08,1.701786434748297e-07,1.0295319726374212e-08,0.001019385773562983,2.8762274377592158e-08,2.635668181819339e-07,2.0024455853510186e-08,0.0015661192747378572] "[""G140M-F070"",""G140M-F100"",""G235M-F170"",""G395M-F290"",""G140H-F070"",""G140H-F100"",""G235H-F170"",""G395H-F290""]" 0.0015661192747378572 nan nan nan nan nan nan
