sim_data/Simulated_table/Simulated_Pull_ERIS_BT-Settl+PICASO.ecsv
# %ECSV 1.0
# ---
# datatype:
# - {name: StarName, datatype: string}
# - {name: RA, datatype: float64}
# - {name: Dec, datatype: float64}
# - {name: Distance, unit: pc, datatype: float64}
# - {name: Flux Ratio, datatype: float64}
# - {name: AngSep, unit: mas, datatype: float64}
# - {name: ProjAU, unit: AU, datatype: float64}
# - {name: Phase, unit: rad, datatype: float64}
# - {name: SMA, unit: AU, datatype: float64}
# - {name: Ecc, datatype: float64}
# - {name: Inc, unit: deg, datatype: float64}
# - {name: PlanetName, datatype: string}
# - {name: PlanetType, datatype: string}
# - {name: PlanetMass, unit: earthMass, datatype: float64}
# - {name: PlanetRadius, unit: earthRad, datatype: float64}
# - {name: PlanetTeq, unit: K, datatype: float64}
# - {name: PlanetLogg, unit: dex(cm / s2), datatype: float64}
# - {name: StarSpT, datatype: string}
# - {name: StarMass, unit: solMass, datatype: float64}
# - {name: StarTeff, unit: K, datatype: float64}
# - {name: StarRad, unit: solRad, datatype: float64}
# - {name: StarLogg, unit: dex(cm / s2), datatype: float64}
# - {name: StarKmag, datatype: float64}
# - {name: DiscoveryMethod, datatype: string}
# - {name: StarRadialVelocity, unit: km / s, datatype: float64}
# - {name: StarVsini, unit: km / s, datatype: float64}
# - {name: DeltaRadialVelocity, unit: km / s, datatype: float64}
# - {name: alpha, datatype: float64}
# - {name: g_alpha, datatype: float64}
# - {name: StarINSTRUmag(HARMONI), datatype: float64}
# - {name: StarINSTRUmag(ERIS), datatype: float64}
# - {name: StarINSTRUmag(MIRIMRS), datatype: float64}
# - {name: StarINSTRUmag(NIRCam), datatype: float64}
# - {name: StarJmag, datatype: float64}
# - {name: StarHmag, datatype: float64}
# - {name: StarHKmag, datatype: float64}
# - {name: StarCHANNEL1mag, datatype: float64}
# - {name: StarCHANNEL2mag, datatype: float64}
# - {name: PlanetINSTRUmag(HARMONI)(thermal+reflected), datatype: float64}
# - {name: PlanetINSTRUmag(HARMONI)(thermal), datatype: float64}
# - {name: PlanetINSTRUmag(HARMONI)(reflected), datatype: float64}
# - {name: PlanetINSTRUmag(ERIS)(thermal+reflected), datatype: float64}
# - {name: PlanetINSTRUmag(ERIS)(thermal), datatype: float64}
# - {name: PlanetINSTRUmag(ERIS)(reflected), datatype: float64}
# - {name: PlanetINSTRUmag(MIRIMRS)(thermal+reflected), datatype: float64}
# - {name: PlanetINSTRUmag(MIRIMRS)(thermal), datatype: float64}
# - {name: PlanetINSTRUmag(NIRCam)(thermal+reflected), datatype: float64}
# - {name: PlanetINSTRUmag(NIRCam)(thermal), datatype: float64}
# - {name: PlanetINSTRUmag(NIRCam)(reflected), datatype: float64}
# - {name: PlanetJmag(thermal+reflected), datatype: float64}
# - {name: PlanetJmag(thermal), datatype: float64}
# - {name: PlanetJmag(reflected), datatype: float64}
# - {name: PlanetHmag(thermal+reflected), datatype: float64}
# - {name: PlanetHmag(thermal), datatype: float64}
# - {name: PlanetHmag(reflected), datatype: float64}
# - {name: PlanetHKmag(thermal+reflected), datatype: float64}
# - {name: PlanetHKmag(thermal), datatype: float64}
# - {name: PlanetHKmag(reflected), datatype: float64}
# - {name: PlanetKmag(thermal+reflected), datatype: float64}
# - {name: PlanetKmag(thermal), datatype: float64}
# - {name: PlanetKmag(reflected), datatype: float64}
# - {name: PlanetCHANNEL1mag(thermal), datatype: float64}
[...]
#     StarTeff:
#       __class__: astropy.units.quantity.Quantity
#       unit: *id002
#       value: !astropy.table.SerializedColumn {name: StarTeff}
#     StarVsini:
#       __class__: astropy.units.quantity.Quantity
#       unit: !astropy.units.Unit {unit: km / s}
#       value: !astropy.table.SerializedColumn {name: StarVsini}
# schema: astropy-2.0
StarName RA Dec Distance "Flux Ratio" AngSep ProjAU Phase SMA Ecc Inc PlanetName PlanetType PlanetMass PlanetRadius PlanetTeq PlanetLogg StarSpT StarMass StarTeff StarRad StarLogg StarKmag DiscoveryMethod StarRadialVelocity StarVsini DeltaRadialVelocity alpha g_alpha StarINSTRUmag(HARMONI) StarINSTRUmag(ERIS) StarINSTRUmag(MIRIMRS) StarINSTRUmag(NIRCam) StarJmag StarHmag StarHKmag StarCHANNEL1mag StarCHANNEL2mag PlanetINSTRUmag(HARMONI)(thermal+reflected) PlanetINSTRUmag(HARMONI)(thermal) PlanetINSTRUmag(HARMONI)(reflected) PlanetINSTRUmag(ERIS)(thermal+reflected) PlanetINSTRUmag(ERIS)(thermal) PlanetINSTRUmag(ERIS)(reflected) PlanetINSTRUmag(MIRIMRS)(thermal+reflected) PlanetINSTRUmag(MIRIMRS)(thermal) PlanetINSTRUmag(NIRCam)(thermal+reflected) PlanetINSTRUmag(NIRCam)(thermal) PlanetINSTRUmag(NIRCam)(reflected) PlanetJmag(thermal+reflected) PlanetJmag(thermal) PlanetJmag(reflected) PlanetHmag(thermal+reflected) PlanetHmag(thermal) PlanetHmag(reflected) PlanetHKmag(thermal+reflected) PlanetHKmag(thermal) PlanetHKmag(reflected) PlanetKmag(thermal+reflected) PlanetKmag(thermal) PlanetKmag(reflected) PlanetCHANNEL1mag(thermal) PlanetCHANNEL2mag(thermal) SNR_band name_band SNR_INSTRU SNR_J SNR_H SNR_HK SNR_K SNR_CHANNEL1 SNR_CHANNEL2
[from data line 882]
"HIP 84487" 259.0839538574219 -12.178098678588867 27.23 1.0551587029973224e-11 155.99757359914344 4.4283898097489605 1.857351906654825 3.7495731083448787 0.20088651195855317 41.02542403496612 "HIP 84487 4" Terran 1.0191368897688564 0.9468380205309156 200.0 3.046836226388788 M0V 0.6605602560085444 3983.407818476451 0.4585578004662296 4.93519189606593 7.0 None 14.295930254883736 15.997146096697449 8.205856732485659 1.38418544934628 0.4165689214714784 7.128628355528179 7.4889378886472455 6.8259084966882995 6.947970869324987 7.910864702513528 7.144324347101117 7.11831171184226 6.839188215241912 6.7778640795270935 34.43017342454596 38.56407680966283 34.45455320543777 34.76080097395229 39.264096702018186 34.77713281413207 26.195059705624168 26.419117151844027 28.744903533745738 28.751708868230892 34.25549153404229 35.092276242129394 40.16307811491483 35.10238684363539 34.396237018455054 37.63909201503155 34.45438548434977 34.42111980011296 38.516832150913174 34.44478257882189 34.3496353445143 43.73607911096756 34.349355670146 27.7575602748049 25.08279458863429 [1.5498966989970869e-07,4.1222586073988036e-07,2.9297037880693086e-07,1.0026400143415085e-07,1.21669057688004e-07,1.0094742255610678e-07,3.3283584102466487e-07,3.441525807586099e-07,2.0740906004597812e-07,2.1135819229493707e-07,2.523003854297893e-07,2.3714771862289232e-07] "[""J_low"",""H_low"",""K_low"",""J_short"",""J_middle"",""J_long"",""H_short"",""H_middle"",""H_long"",""K_short"",""K_middle"",""K_long""]" 4.1222586073988036e-07 1.5498966989970869e-07 4.1222586073988036e-07 nan 2.9297037880693086e-07 nan nan
"HIP 102040" 310.1877746582031 19.934776306152344 20.95 3.9193405812994215e-12 201.96788511756796 7.12020586649424 0.6363406495454875 11.10606951500159 0.36998337730951564 113.88335080208789 "HIP 102040 1" Terran 0.2141854209052454 0.7883140667447928 200.0 2.5285464356238836 G5V 1.0920754680533582 5928.662795375081 0.9596801568893637 4.512067248543333 4.92 None 11.041072605884828 10.241831199942851 8.540083566270393 2.397063322992245 0.041410120065596086 4.954824203950797 5.1170396822859265 4.91322997438961 4.910156243582502 5.27977469214229 4.954453835971017 4.951319429274086 4.915175739594698 4.905678933336118 37.133319790287416 38.392640802456214 37.54175731207964 37.39946506343126 39.09266069481157 37.655426410597585 26.025917836228633 26.24768114463741 28.579974680189267 28.580272861024284 37.483235250657415 37.605741743317964 39.99164210770822 37.73442318663551 36.74251512555291 37.46765600782494 37.524550127780195 37.11757139880731 38.34539614370656 37.53889341990654 37.52743585956013 43.56464310376094 37.531012170675226 27.586124267598287 24.911358581427677 [2.1179873042944697e-08,1.692262421645367e-07,9.066726086039137e-09,4.96392112704847e-09,1.9958733893225556e-08,1.9796877333349217e-08,1.6761998506856836e-07,1.678134876505681e-07,8.09535162248544e-09,7.72249743312439e-09,8.642897772309407e-09,8.345700955548444e-09] "[""J_low"",""H_low"",""K_low"",""J_short"",""J_middle"",""J_long"",""H_short"",""H_middle"",""H_long"",""K_short"",""K_middle"",""K_long""]" 1.692262421645367e-07 2.1179873042944697e-08 1.692262421645367e-07 nan 9.066726086039137e-09 nan nan
"HIP 86961" 266.5527648925781 -32.1027717590332 14.64 3.0038753603737685e-13 723.8438201945296 13.548185922042197 2.2434410907888944 11.524298815237202 0.38346073140986076 106.59923150864164 "HIP 86961 8" Terran 0.657449100318135 1.371784981984971 200.0 2.5344451293967074 M2V 0.5642133632511273 3839.195017835037 0.24655664805958635 5.405677561047316 8.48 None 22.878353091701285 18.414934053335546 6.315703813536892 0.9309255105601039 0.6754994672966406 8.63064129649472 8.987859926188102 8.22477865904384 8.402436252865641 9.40294112160768 8.65810220270467 8.620426141936813 8.239189682324788 8.17336420450002 35.93749280742789 36.41149221074248 37.06575023636185 36.48666502276735 37.11151210309784 37.38445711970316 24.044833219378944 24.26653255292368 26.59903532916389 26.599124269310547 36.81564599576368 37.090959734892095 38.01049351599448 37.70276131924179 35.26036102510824 35.4865074161112 37.076460305346515 35.90392817835578 36.364247551992825 37.05611098558827 36.92524305721643 41.58349451204721 36.93975470931541 25.604975675884557 22.930209989713944 [5.168580481688943e-07,4.432813960011891e-06,5.1414610363685966e-08,1.9417597219978684e-08,3.135414533793793e-07,3.220866086670025e-07,2.850686928604268e-06,2.9277870263378284e-06,6.893492791135707e-08,2.895703942079871e-08,3.423091755829124e-08,3.082914838642723e-08] "[""J_low"",""H_low"",""K_low"",""J_short"",""J_middle"",""J_long"",""H_short"",""H_middle"",""H_long"",""K_short"",""K_middle"",""K_long""]" 4.432813960011891e-06 5.168580481688943e-07 4.432813960011891e-06 nan 5.1414610363685966e-08 nan nan
"HIP 57866" 178.03466796875 18.755918502807617 26.35 9.448677715915689e-13 265.800279792289 28.154843512479285 0.2514012117978666 21.53227706169099 0.31234756613614795 103.28642062305146 "HIP 57866 4" Terran 1.6566870901249533 1.2088214491857152 200.0 3.045671255003429 K2V 0.8699019171125075 5106.136867078238 0.6598598491215917 4.738634508466091 6.260000000000001 None 9.285350556436882 0.3436245781625247 5.826416248921434 2.801247748084183 0.004134734680296943 6.317046614926273 6.554798561016647 6.238828448334197 6.2467071461622865 6.80806266367057 6.315542788635803 6.311008459356513 6.244695368771688 6.216807576492185 37.93418680933555 37.96230935744231 41.91489186153751 38.61689723265236 38.662329249797665 42.108615323652685 25.59568193737598 25.81734969962351 28.149937756883627 28.149941416010375 41.83080675326523 39.47039872523418 39.56131066269431 42.27331195818138 37.02513851095467 37.03732456281103 41.89728289003181 37.888153371284815 37.91506469869265 41.909427806960664 41.58417842056602 43.13431165874704 41.88130367750659 27.155792822584385 24.481027136413772 [7.362623472074331e-08,5.889376314198328e-07,1.080543107275851e-09,2.7709668313045558e-09,5.725691003644346e-08,5.814352278598904e-08,5.066309342356109e-07,5.138386122455412e-07,1.083732159199651e-08,8.103336917354155e-10,7.223144540200964e-10,4.422344040073179e-10] "[""J_low"",""H_low"",""K_low"",""J_short"",""J_middle"",""J_long"",""H_short"",""H_middle"",""H_long"",""K_short"",""K_middle"",""K_long""]" 5.889376314198328e-07 7.362623472074331e-08 5.889376314198328e-07 nan 1.080543107275851e-09 nan nan
"HIP 116317" 353.51629638671875 0.18168899416923523 13.98 5.883587006227612e-11 479.49826772003786 6.767698254308782 1.708766949705103 9.306988205238167 0.2729313647592542 164.27834051348648 "HIP 116317 1" Neptunian 38.240221671743086 4.56125137168448 200.0 3.25550746914749 M3V 0.4654086584646565 3870.2956395244883 0.17016681772361816 5.644152331492764 6.83 None 2.8388963723051504 14.128777272693876 1.8049762813278099 1.5335210719442192 0.3371642580887121 6.980641296494719 7.337859926188103 6.57477865904384 6.752436252865641 7.75294112160768 7.00810220270467 6.970426141936812 6.589189682324788 6.5233642045000195 32.60556253646231 33.702332869215 33.09719238813713 33.04849122405673 34.402352761570356 33.41589927147844 21.335602155599496 21.5573732113962 23.88968125459065 23.88996492778307 32.84708814753897 33.50316034174551 35.30133417446701 33.734203471017075 32.17667183740077 32.77734807458372 33.10790245712179 32.582934720503815 33.655088210465344 33.08755313736355 32.96694345350898 38.874335170519736 32.97119686109069 22.895816334357075 20.221050648186466 [5.65234527594029e-06,4.6214011549881306e-05,1.708709393941936e-06,4.85531064566246e-07,3.661416088616076e-06,3.738169202986444e-06,3.21626984439918e-05,3.2940553494079637e-05,1.254317280427088e-06,1.0042950973959644e-06,1.2243134215820825e-06,1.1185234543282387e-06] "[""J_low"",""H_low"",""K_low"",""J_short"",""J_middle"",""J_long"",""H_short"",""H_middle"",""H_long"",""K_short"",""K_middle"",""K_long""]" 4.6214011549881306e-05 5.65234527594029e-06 4.6214011549881306e-05 nan 1.708709393941936e-06 nan nan
"HIP 54651" 167.7969207763672 -10.952327728271484 20.25 2.357781805145152e-10 53.716094351940576 1.1935435056018513 1.1465824793966493 0.7657267976957497 0.5946439644104055 31.11866876304846 "HIP 54651 9" Neptunian 2.1878870693518886 1.2076176472422302 233.5349474315364 3.16732108180433 K4V 0.6841464601893684 4558.520175773521 0.4321487409806189 5.00195020740819 6.33 None 4.964694770328258 9.008994239935717 14.550089243068953 1.7851564466080783 0.2191781821646125 6.409788958812948 6.722590474103774 6.296144418568828 6.317085102940183 7.077827837241086 6.407639139930001 6.401252532034781 6.305114268038676 6.26285613170968 30.441294397505416 33.971860377341805 30.484153346905167 30.713492015682768 34.41445941881462 30.74912871265484 23.985980294311616 24.485526017380103 25.985040856671667 26.004006378345437 30.388908631088867 30.960494495143873 34.671511410597404 30.997244949709923 30.364575477232894 33.047136777771165 30.461458033281545 30.433985697633243 33.92392604295866 30.476191152012568 30.435288359071833 38.721627672589904 30.435480409325685 25.546468347494464 23.24550293824201 [8.823680181938073e-07,2.0944245358534623e-06,1.2892658502215284e-06,5.784334568247632e-07,8.462041270367993e-07,7.632655461249973e-07,2.0603771663526086e-06,2.033465752808719e-06,1.0154092950891064e-06,1.1484578304771752e-06,1.2783978730935977e-06,1.216515842845058e-06] "[""J_low"",""H_low"",""K_low"",""J_short"",""J_middle"",""J_long"",""H_short"",""H_middle"",""H_long"",""K_short"",""K_middle"",""K_long""]" 2.0944245358534623e-06 8.823680181938073e-07 2.0944245358534623e-06 nan 1.2892658502215284e-06 nan nan
"HIP 31635" 99.29694366455078 17.563995361328125 9.75 3.9393965834218497e-13 1093.2678517194597 15.21423766744624 2.3653300807601214 12.543235438047041 0.3197889643493459 47.27346482722076 "HIP 31635 5" Neptunian 43.381339361895726 1.929745277174435 200.0 4.057458064881157 M1V 0.5076811119370902 3778.5271011150085 0.2565756984565844 5.325227593613522 5.82 None -11.590153815631034 0.8199220243526062 4.402412531521071 1.019062452763411 0.625215425527782 5.970641296494719 6.327859926188103 5.56477865904384 5.742436252865641 6.74294112160768 5.99810220270467 5.9604261419368125 5.579189682324788 5.51336420450002 33.52552561267167 34.78774019194774 33.93264415584526 33.95014285548774 35.4877600843031 34.25135103918657 22.4209824335651 22.64278053412894 24.975015153819122 24.975372250515804 33.6825399152471 34.38230812132985 36.38674149719974 34.5696552387252 33.148755937252744 33.86275539731646 33.94335422482992 33.504905245292385 34.740495533198086 33.92300490507168 33.8033635602141 39.95974249325247 33.80664862879882 23.981223657089814 21.306457970919205 [1.7056923919086508e-06,1.2020357862660539e-05,6.236397882565066e-07,2.024236447793138e-07,1.2459229404285883e-06,1.263629707920143e-06,1.0624040785600686e-05,1.0828312507657126e-05,4.879437603817637e-07,4.2218291989171673e-07,5.178323046873471e-07,4.7655522219382274e-07] "[""J_low"",""H_low"",""K_low"",""J_short"",""J_middle"",""J_long"",""H_short"",""H_middle"",""H_long"",""K_short"",""K_middle"",""K_long""]" 1.2020357862660539e-05 1.7056923919086508e-06 1.2020357862660539e-05 nan 6.236397882565066e-07 nan nan
"HIP 436" 1.3244529962539673 -67.83123016357422 15.89 4.3060070775568e-11 1658.2916860429157 30.992584830931836 1.0163870927044545 22.0136698143391 0.41220236884689865 72.38231287479681 "HIP 436 7" Jovian 202.41589355567893 10.221456079513274 200.0 3.278374158247594 K5V 0.6953988297259696 4558.520175773521 0.47679547128801253 4.92363733933699 5.710000000000001 None -7.387819893168025 5.51791432861515 5.04766883126286 2.096416543328045 0.1084151450006844 5.789788958812948 6.102590474103775 5.676144418568828 5.697085102940184 6.457827837241087 5.7876391399300005 5.781252532034782 5.685114268038677 5.642856131709681 31.871501867901706 32.228272698780486 33.253344362854335 32.43381380093393 32.92829259113584 33.526552789042256 19.861628538111006 20.083313040961684 22.41584938517328 22.41590475734855 33.14695890887076 33.05213856995308 33.82727400403249 33.78833553444203 31.13393956593301 31.303287904149208 33.23579581418555 31.83574102175954 32.181028040030824 33.245329405232404 33.17447533350918 37.400275000085216 33.196338199581206 21.42175616392256 18.746990477751947 [1.5638771107513364e-05,0.0001168401484708228,1.1094566980382492e-06,6.823703629370145e-07,1.2394822253935879e-05,1.2627563289667834e-05,0.00010899265290460799,0.00011091567632327126,2.4481772479742936e-06,8.018859667951062e-07,9.046171482916517e-07,8.217917146470335e-07] "[""J_low"",""H_low"",""K_low"",""J_short"",""J_middle"",""J_long"",""H_short"",""H_middle"",""H_long"",""K_short"",""K_middle"",""K_long""]" 0.0001168401484708228 1.5638771107513364e-05 0.0001168401484708228 nan 1.1094566980382492e-06 nan nan
"HIP 16711" 53.75243377685547 -48.41988754272461 13.61 4.292363446925511e-10 252.75279003063127 3.601644088779708 1.2700301032937498 5.939298877387705 0.46600401143185605 147.43690812750006 "HIP 16711 13" Neptunian 51.61397707765215 5.940636183594768 200.0 3.156256494304993 K5V 0.6417911307681643 4086.001398951493 0.48765995062335693 4.869227157668535 5.34 None 8.326286002123801 18.086145593691775 5.270369955883355 1.7309310264050592 0.24263939704240653 5.468628355528179 5.828937888647245 5.165908496688299 5.287970869324986 6.250864702513526 5.484324347101116 5.45831171184226 5.179188215241912 5.117864079527092 30.303893943046386 33.07034289240881 30.392347511288456 30.652573537666477 33.770362784764174 30.714927119982754 20.703076487217974 20.92538323459001 23.256150068349587 23.25797495097688 30.19328583989298 31.002437326130025 34.66934419766082 31.040181149486074 30.193576248458992 32.14535809777754 30.392179790200462 30.29262209189064 33.02309823365916 30.382576884672584 30.28690677573777 38.24234519371355 30.287149975996684 22.263826357550887 19.589060671380278 [7.179813820385496e-06,3.676895240952868e-05,9.776388429321887e-06,3.850236021883324e-06,6.318057622122071e-06,5.800341955051352e-06,3.615112883412025e-05,3.6389316672457984e-05,7.592873796034753e-06,7.972603111127604e-06,9.554579827040152e-06,9.013525413196398e-06] "[""J_low"",""H_low"",""K_low"",""J_short"",""J_middle"",""J_long"",""H_short"",""H_middle"",""H_long"",""K_short"",""K_middle"",""K_long""]" 3.676895240952868e-05 7.179813820385496e-06 3.676895240952868e-05 nan 9.776388429321887e-06 nan nan
