sim_data/Simulated_table/Simulated_Pull_ERIS_BT-Settl+PICASO.ecsv
# %ECSV 1.0
# ---
# datatype:
# - {name: StarName, datatype: string}
# - {name: RA, datatype: float64}
# - {name: Dec, datatype: float64}
# - {name: Distance, unit: pc, datatype: float64}
# - {name: Flux Ratio, datatype: float64}
# - {name: AngSep, unit: mas, datatype: float64}
# - {name: ProjAU, unit: AU, datatype: float64}
# - {name: Phase, unit: rad, datatype: float64}
# - {name: SMA, unit: AU, datatype: float64}
# - {name: Ecc, datatype: float64}
# - {name: Inc, unit: deg, datatype: float64}
# - {name: PlanetName, datatype: string}
# - {name: PlanetType, datatype: string}
# - {name: PlanetMass, unit: earthMass, datatype: float64}
# - {name: PlanetRadius, unit: earthRad, datatype: float64}
# - {name: PlanetTeq, unit: K, datatype: float64}
# - {name: PlanetLogg, unit: dex(cm / s2), datatype: float64}
# - {name: StarSpT, datatype: string}
# - {name: StarMass, unit: solMass, datatype: float64}
# - {name: StarTeff, unit: K, datatype: float64}
# - {name: StarRad, unit: solRad, datatype: float64}
# - {name: StarLogg, unit: dex(cm / s2), datatype: float64}
# - {name: StarKmag, datatype: float64}
# - {name: DiscoveryMethod, datatype: string}
# - {name: StarRadialVelocity, unit: km / s, datatype: float64}
# - {name: StarVsini, unit: km / s, datatype: float64}
# - {name: DeltaRadialVelocity, unit: km / s, datatype: float64}
# - {name: alpha, datatype: float64}
# - {name: g_alpha, datatype: float64}
# - {name: StarINSTRUmag(HARMONI), datatype: float64}
# - {name: StarINSTRUmag(ERIS), datatype: float64}
# - {name: StarINSTRUmag(MIRIMRS), datatype: float64}
# - {name: StarINSTRUmag(NIRCam), datatype: float64}
# - {name: StarJmag, datatype: float64}
# - {name: StarHmag, datatype: float64}
# - {name: StarHKmag, datatype: float64}
# - {name: StarCHANNEL1mag, datatype: float64}
# - {name: StarCHANNEL2mag, datatype: float64}
# - {name: PlanetINSTRUmag(HARMONI)(thermal+reflected), datatype: float64}
# - {name: PlanetINSTRUmag(HARMONI)(thermal), datatype: float64}
# - {name: PlanetINSTRUmag(HARMONI)(reflected), datatype: float64}
# - {name: PlanetINSTRUmag(ERIS)(thermal+reflected), datatype: float64}
# - {name: PlanetINSTRUmag(ERIS)(thermal), datatype: float64}
# - {name: PlanetINSTRUmag(ERIS)(reflected), datatype: float64}
# - {name: PlanetINSTRUmag(MIRIMRS)(thermal+reflected), datatype: float64}
# - {name: PlanetINSTRUmag(MIRIMRS)(thermal), datatype: float64}
# - {name: PlanetINSTRUmag(NIRCam)(thermal+reflected), datatype: float64}
# - {name: PlanetINSTRUmag(NIRCam)(thermal), datatype: float64}
# - {name: PlanetINSTRUmag(NIRCam)(reflected), datatype: float64}
# - {name: PlanetJmag(thermal+reflected), datatype: float64}
# - {name: PlanetJmag(thermal), datatype: float64}
# - {name: PlanetJmag(reflected), datatype: float64}
# - {name: PlanetHmag(thermal+reflected), datatype: float64}
# - {name: PlanetHmag(thermal), datatype: float64}
# - {name: PlanetHmag(reflected), datatype: float64}
# - {name: PlanetHKmag(thermal+reflected), datatype: float64}
# - {name: PlanetHKmag(thermal), datatype: float64}
# - {name: PlanetHKmag(reflected), datatype: float64}
# - {name: PlanetKmag(thermal+reflected), datatype: float64}
# - {name: PlanetKmag(thermal), datatype: float64}
# - {name: PlanetKmag(reflected), datatype: float64}
# - {name: PlanetCHANNEL1mag(thermal), datatype: float64}
[...]
#     StarTeff:
#       __class__: astropy.units.quantity.Quantity
#       unit: *id002
#       value: !astropy.table.SerializedColumn {name: StarTeff}
#     StarVsini:
#       __class__: astropy.units.quantity.Quantity
#       unit: !astropy.units.Unit {unit: km / s}
#       value: !astropy.table.SerializedColumn {name: StarVsini}
# schema: astropy-2.0
StarName RA Dec Distance "Flux Ratio" AngSep ProjAU Phase SMA Ecc Inc PlanetName PlanetType PlanetMass PlanetRadius PlanetTeq PlanetLogg StarSpT StarMass StarTeff StarRad StarLogg StarKmag DiscoveryMethod StarRadialVelocity StarVsini DeltaRadialVelocity alpha g_alpha StarINSTRUmag(HARMONI) StarINSTRUmag(ERIS) StarINSTRUmag(MIRIMRS) StarINSTRUmag(NIRCam) StarJmag StarHmag StarHKmag StarCHANNEL1mag StarCHANNEL2mag PlanetINSTRUmag(HARMONI)(thermal+reflected) PlanetINSTRUmag(HARMONI)(thermal) PlanetINSTRUmag(HARMONI)(reflected) PlanetINSTRUmag(ERIS)(thermal+reflected) PlanetINSTRUmag(ERIS)(thermal) PlanetINSTRUmag(ERIS)(reflected) PlanetINSTRUmag(MIRIMRS)(thermal+reflected) PlanetINSTRUmag(MIRIMRS)(thermal) PlanetINSTRUmag(NIRCam)(thermal+reflected) PlanetINSTRUmag(NIRCam)(thermal) PlanetINSTRUmag(NIRCam)(reflected) PlanetJmag(thermal+reflected) PlanetJmag(thermal) PlanetJmag(reflected) PlanetHmag(thermal+reflected) PlanetHmag(thermal) PlanetHmag(reflected) PlanetHKmag(thermal+reflected) PlanetHKmag(thermal) PlanetHKmag(reflected) PlanetKmag(thermal+reflected) PlanetKmag(thermal) PlanetKmag(reflected) PlanetCHANNEL1mag(thermal) PlanetCHANNEL2mag(thermal) SNR_band name_band SNR_INSTRU SNR_J SNR_H SNR_HK SNR_K SNR_CHANNEL1 SNR_CHANNEL2
[from data line 51]
"HIP 87116" 266.9903869628906 -34.01749801635742 26.16 3.185770512545232e-11 126.45842451792052 3.3149772191747933 1.5066169787171317 2.8592552391532573 0.3717301776719995 150.737287356494 "HIP 87116 8" Terran 0.18016333601199566 0.7986742494952421 220.22605352945484 2.4420821322105533 G7V 0.9988630232880786 5468.4090187676065 0.9971758338222363 4.4400300736736655 5.529999999999999 None 5.640232499423391 16.63110513566644 8.605261959392006 1.6021517484625918 0.3027911808884179 5.581369404126075 5.7980269002187885 5.509908116954513 5.51560983143696 6.024726517340508 5.580667426531032 5.576066698576553 5.514943478165026 5.490936254219686 33.02663702069334 37.33168154747625 33.04742718430088 33.20094446429301 37.92948429516291 33.21453752497754 25.917238787533137 26.27278803041383 28.14001459656174 28.152759141516114 32.972380601894486 33.33808916540622 38.50742366150314 33.348157164440494 32.979421016450004 36.40769820988868 33.02799842382089 33.02304145244113 37.28433859992519 33.04276192356068 33.02380887456007 42.0651075084822 33.02353162624626 27.462669109252026 24.982952740092518 [2.4474740431352143e-07,4.886152964784837e-07,3.9582760109908326e-07,1.9569446625167242e-07,2.264243265606283e-07,1.8996769891494793e-07,4.530516716628116e-07,4.52889180151948e-07,3.1024827843442913e-07,3.3894581001162483e-07,3.7991118214079055e-07,3.644337426876196e-07] "[""J_low"",""H_low"",""K_low"",""J_short"",""J_middle"",""J_long"",""H_short"",""H_middle"",""H_long"",""K_short"",""K_middle"",""K_long""]" 4.886152964784837e-07 2.4474740431352143e-07 4.886152964784837e-07 nan 3.9582760109908326e-07 nan nan
"HIP 113368" 344.4117736816406 -29.621837615966797 7.7 5.424785985141167e-12 754.4290718425883 5.869742384831679 1.7146610802960802 6.484300340477346 0.5583862728909821 13.243903455941904 "HIP 113368 6" Neptunian 5.528393482044648 1.3779302939877103 312.2411160875947 3.455299531696449 A3V 1.8155460974252144 8658.472979339122 1.8132767805815455 4.180146706903855 0.96 None 18.96624838170562 13.202316645710852 3.6106569843477887 1.5379450357491973 0.3349042922613354 0.9741435371318592 0.9846722968600113 0.952008106729141 0.9591541438807077 0.9950104118315908 0.9794871272127845 0.9740596853698378 0.9519833674406888 0.9519640748130891 27.470908309667816 27.78150345050482 28.98133041105426 27.05480113514012 27.282649958039357 28.921860360901807 19.794803673257835 20.320070381419825 22.22052653209098 22.22253679950967 29.05270772588115 26.652115619515268 26.82673335732954 28.828485345858518 26.75837976139986 26.9195956500224 28.960016963662262 27.43128918143075 27.73567970329662 28.979833129086465 28.461047097222988 29.42491186106426 29.029606316651694 21.381837788170827 19.084314730696615 [0.0006777422306898146,0.0005337281378250847,1.9106712158541292e-05,0.0001851261110824913,0.0005079490104264713,0.0004828730482505337,0.0004517008214138387,0.00038378558728528804,8.275282269033252e-06,1.7209532327079854e-05,1.1943912405634873e-05,5.917395677731537e-06] "[""J_low"",""H_low"",""K_low"",""J_short"",""J_middle"",""J_long"",""H_short"",""H_middle"",""H_long"",""K_short"",""K_middle"",""K_long""]" 0.0006777422306898146 0.0006777422306898146 0.0005337281378250847 nan 1.9106712158541292e-05 nan nan
"HIP 115332" 350.40740966796875 17.293746948242188 10.99 4.875507745331216e-13 2828.2418179441197 31.207134550158784 1.4813494364868691 26.325977261298316 0.1939128594619045 161.5126948511586 "HIP 115332 8" Neptunian 3.5935901337723677 1.6390907611023133 200.0 3.117477619479079 M5V 0.4412262786673005 3748.9340370997115 0.11067208234993062 5.994652834685809 6.5200000000000005 None 19.177322846612213 19.268339990574802 1.2227160397283932 1.5991254297174544 0.3042749315208846 6.670641296494719 7.027859926188103 6.2647786590438415 6.442436252865642 7.4429411216076815 6.698102202704671 6.660426141936813 6.279189682324788 6.213364204500022 35.239246199402615 35.40219049739968 37.37891249432662 35.87674492215615 36.10221038975504 37.69761937766793 23.03555457157063 23.25723083958088 25.589796245729616 25.589822555967746 37.12880825372845 36.63766894264343 37.00119180265168 38.015923577206564 34.40534512712263 34.4772057027684 37.38962256331128 35.19744251398608 35.354945838650025 37.36927324355304 37.203565798890445 40.57419279870441 37.25291696728017 24.595673962541753 21.920908276371144 [1.1125830398959016e-06,9.143815173069432e-06,3.8326694898803824e-08,3.5816767110843344e-08,7.379382474511394e-07,7.554611382046496e-07,6.563961965069933e-06,6.709809180979134e-06,1.4242610112322863e-07,2.3677413447571147e-08,2.628326881079404e-08,2.258882860185121e-08] "[""J_low"",""H_low"",""K_low"",""J_short"",""J_middle"",""J_long"",""H_short"",""H_middle"",""H_long"",""K_short"",""K_middle"",""K_long""]" 9.143815173069432e-06 1.1125830398959016e-06 9.143815173069432e-06 nan 3.8326694898803824e-08 nan nan
"HIP 57632" 177.2661590576172 14.57233715057373 11.0 1.1196778140064735e-10 399.3556118594822 9.95494470524648 0.45702386350669505 11.787184446138259 0.15609631954124284 75.68139482962567 "HIP 57632 16" Neptunian 57.85005081558812 4.370737844181628 224.474799375251 3.4723493099519738 A3V 1.8570541151053301 9125.458485299803 1.5336959999989157 4.335413616892951 1.8900000000000001 None 0.278764447079368 13.6480531103767 11.45553887595751 2.6249721207613015 0.014243218413564043 1.8995623782742663 1.8975111160911773 1.8979897446882599 1.8960401454790812 1.8974086617767538 1.9041609382675764 1.8998826237209876 1.8970669340017488 1.9013709425042322 31.15076201328703 31.759530894681983 32.06914093488826 31.413864318942654 32.35733364236864 32.00443325648894 20.350645469663323 20.70063737761956 22.58043248140384 22.58060848872185 32.056004470743815 31.56382504595196 32.935273008708876 31.926821923992414 30.529733453550087 30.835547557094415 32.05444664140743 31.12494781593608 31.71218794713092 32.07018427420864 32.068532171036075 36.49295685568793 32.0865999135757 21.890518456457762 19.41080208729825 [3.5522133199572194e-06,2.094048685870886e-05,4.0685329911132096e-07,3.558343151104127e-07,3.184964037379801e-06,3.2802161846745756e-06,2.077710800874429e-05,2.0651004914817213e-05,4.863105281073487e-07,3.6532229750713516e-07,3.872461876148948e-07,3.5360016902159497e-07] "[""J_low"",""H_low"",""K_low"",""J_short"",""J_middle"",""J_long"",""H_short"",""H_middle"",""H_long"",""K_short"",""K_middle"",""K_long""]" 2.094048685870886e-05 3.5522133199572194e-06 2.094048685870886e-05 nan 4.0685329911132096e-07 nan nan
"HIP 108162 A" 328.71124267578125 -77.33753967285156 27.35 1.1969169194816443e-09 77.18616600768496 2.6787968159265585 0.9076445471773259 3.6382511869011958 0.27568553014165387 106.27515684420516 "HIP 108162 A" Neptunian 19.402412757741256 3.229572422911386 200.0 3.2607207652667576 K4V 0.9232248916080487 4742.7381778526815 0.8545845116909381 4.539865097558797 5.970000000000001 None 2.203915041045015 0.5926611161009343 14.40298109930523 2.2030131145721716 0.08023970005111697 6.041724289665566 6.326510793213051 5.938917347578547 5.955083380446976 6.64211222582956 6.040038102465777 6.034103798916895 5.946730007075255 5.909821468868536 32.38185946837804 35.90927856035223 32.42484531536481 32.64056690391735 36.609298452707584 32.66838058958491 23.541518336418665 23.76431890253343 26.093411156414852 26.096910618920294 32.3244678559327 32.87616962494509 37.50827986560423 32.89236553034394 32.3093570607523 34.98429376572095 32.407469026513226 32.37516573972373 35.86203390160257 32.41776333577049 32.37637063748763 41.08128086165696 32.37618804205627 25.102762025494304 22.42799633932369 [1.779302622246616e-07,5.657119798268363e-07,2.9905410795870417e-07,1.3769763844208744e-07,1.6877193261245674e-07,1.4471062898467104e-07,5.45983666708094e-07,5.536881275691706e-07,2.3821353538040467e-07,2.5856893602551816e-07,2.9429009296635563e-07,2.8573313193615143e-07] "[""J_low"",""H_low"",""K_low"",""J_short"",""J_middle"",""J_long"",""H_short"",""H_middle"",""H_long"",""K_short"",""K_middle"",""K_long""]" 5.657119798268363e-07 1.779302622246616e-07 5.657119798268363e-07 nan 2.9905410795870417e-07 nan nan
"HIP 71253" 218.57093811035156 -12.521000862121582 6.22 5.684357045829994e-12 4685.416928275148 30.00273571668824 1.3308659899192996 29.533191217068417 0.021641969034573837 164.75609833650924 "HIP 71253 8" Neptunian 116.03126724728203 4.18329001246168 200.0 3.8126941700222736 M4V 0.402962460684099 3649.041927573727 0.07912043474483522 6.246754887326787 5.94 None 16.491964434439147 13.484304630036474 0.9151570692702738 1.6333180607253837 0.2876909051359606 6.108456443627394 6.460495408561961 5.6176662116860365 5.848236916928671 6.865487983892455 6.140119559645141 6.098287622882481 5.632795785709654 5.564494218035812 32.06286440393929 32.131579102002064 35.09372725035423 32.73380659672388 32.83159899435742 35.406193592104366 19.76494862437189 19.986619444183262 22.319200186866148 22.319211160570127 34.80763337140654 33.56389093435971 33.73058040725407 35.714306287822424 31.177155887354537 31.206594307370782 35.107487395128636 32.01804392911699 32.0843344432524 35.08417033081987 34.834617378677905 37.303581403306794 34.95206435234334 21.325062567144137 18.650296880973524 [2.013572006783925e-05,0.00014649581489981493,3.75047189817599e-07,6.729400877160071e-07,1.4220132522023919e-05,1.452303368914772e-05,0.00012446058602223826,0.00012687933656258495,2.6777730399105292e-06,2.611014112986832e-07,2.6380122416307794e-07,2.0290523678094088e-07] "[""J_low"",""H_low"",""K_low"",""J_short"",""J_middle"",""J_long"",""H_short"",""H_middle"",""H_long"",""K_short"",""K_middle"",""K_long""]" 0.00014649581489981493 2.013572006783925e-05 0.00014649581489981493 nan 3.75047189817599e-07 nan nan
"HIP 3765" 12.093888282775879 5.283389091491699 7.45 8.28210356697857e-12 2915.041667979947 22.078853041106974 1.7520769660536428 30.220138851301392 0.2697143372688438 66.03202557597837 "HIP 3765 20" Neptunian 92.61195398800618 5.76940822211574 200.0 3.43555959103768 K1V 0.8115056339079204 5023.375177795588 0.6531621792171255 4.717317107877842 3.6100000000000003 None -1.4253532507106002 7.846996928930203 4.460702215514762 1.4052983722818364 0.40501101947499923 3.6733219677740676 3.934724859686182 3.5862491883157777 3.5973429317736865 4.218837655971743 3.670994660933722 3.666492586778271 3.5930319799419 3.5608681421143262 30.973856465102912 31.825342065157464 31.635784059972668 31.386401005008707 32.52536195751282 31.854579896686623 19.458661860078315 19.680382407338662 22.012807234998206 22.012974123725527 31.546133971239367 31.77732394021602 33.424343370409474 32.04859890399551 30.44777632259828 30.90035727052619 31.61759226596818 30.949819106014388 31.77809740640781 31.629510873649128 31.588804701299832 36.997344366462194 31.59572270788236 21.018825530299537 18.344059844128928 [7.6967792392051e-06,4.5724940367587426e-05,1.6458059247580224e-06,9.034213262612769e-07,8.092123907158586e-06,8.112770280877061e-06,6.476870312256599e-05,6.507794335092483e-05,2.0177084404774385e-06,1.585026511302243e-06,1.7831728213694274e-06,1.684516952435691e-06] "[""J_low"",""H_low"",""K_low"",""J_short"",""J_middle"",""J_long"",""H_short"",""H_middle"",""H_long"",""K_short"",""K_middle"",""K_long""]" 6.507794335092483e-05 8.112770280877061e-06 6.507794335092483e-05 nan 1.7831728213694274e-06 nan nan
"HIP 263" 0.8292379975318909 4.687136173248291 29.21 1.0672367110952328e-12 249.4482776003186 8.296273113414765 1.0722362272654524 6.5246422577774235 0.27167264880476816 135.88781812660486 "HIP 263 7" Terran 0.3305479844967751 0.6713037859931451 200.0 2.8565514023543312 M1V 0.5304845758582459 3839.195017835037 0.24093905210837854 5.398925993509638 7.9799999999999995 None -13.20864476911104 19.10174021017933 5.9115536073276385 1.9101011646581203 0.16969320562450577 8.13064129649472 8.487859926188102 7.7247786590438405 7.90243625286564 8.90294112160768 8.15810220270467 8.120426141936811 7.739189682324787 7.673364204500021 38.040824112717864 39.46327934936983 38.38219733581086 38.450409462189185 40.163299241725184 38.700904219152164 27.096491160859415 27.318319691551025 29.650471700612773 29.650911407937897 38.13209309521269 38.8647177362756 41.06228065462184 39.019208418690795 37.709500302343166 38.538294554738556 38.392907404795515 38.0218799971166 39.41603469062017 38.37255808503728 38.253620164198054 44.63528165067456 38.25620180876441 28.6567628145119 25.98199712834129 [2.888478193559697e-08,2.3269907128646006e-07,1.318548868906857e-08,3.638857540397279e-09,1.8631779705343427e-08,1.8917458601018465e-08,1.610750502937187e-07,1.6503705813519426e-07,8.776878196742914e-09,7.703065318434773e-09,9.45594081197359e-09,8.63441964232586e-09] "[""J_low"",""H_low"",""K_low"",""J_short"",""J_middle"",""J_long"",""H_short"",""H_middle"",""H_long"",""K_short"",""K_middle"",""K_long""]" 2.3269907128646006e-07 2.888478193559697e-08 2.3269907128646006e-07 nan 1.318548868906857e-08 nan nan
