sim_data/Simulated_table/Simulated_Pull_NIRCam_BT-Settl+PICASO.ecsv
# %ECSV 1.0
# ---
# datatype:
# - {name: StarName, datatype: string}
# - {name: RA, datatype: float64}
# - {name: Dec, datatype: float64}
# - {name: Distance, unit: pc, datatype: float64}
# - {name: Flux Ratio, datatype: float64}
# - {name: AngSep, unit: mas, datatype: float64}
# - {name: ProjAU, unit: AU, datatype: float64}
# - {name: Phase, unit: rad, datatype: float64}
# - {name: SMA, unit: AU, datatype: float64}
# - {name: Ecc, datatype: float64}
# - {name: Inc, unit: deg, datatype: float64}
# - {name: PlanetName, datatype: string}
# - {name: PlanetType, datatype: string}
# - {name: PlanetMass, unit: earthMass, datatype: float64}
# - {name: PlanetRadius, unit: earthRad, datatype: float64}
# - {name: PlanetTeq, unit: K, datatype: float64}
# - {name: PlanetLogg, unit: dex(cm / s2), datatype: float64}
# - {name: StarSpT, datatype: string}
# - {name: StarMass, unit: solMass, datatype: float64}
# - {name: StarTeff, unit: K, datatype: float64}
# - {name: StarRad, unit: solRad, datatype: float64}
# - {name: StarLogg, unit: dex(cm / s2), datatype: float64}
# - {name: StarKmag, datatype: float64}
# - {name: DiscoveryMethod, datatype: string}
# - {name: StarRadialVelocity, unit: km / s, datatype: float64}
# - {name: StarVsini, unit: km / s, datatype: float64}
# - {name: DeltaRadialVelocity, unit: km / s, datatype: float64}
# - {name: alpha, datatype: float64}
# - {name: g_alpha, datatype: float64}
# - {name: StarINSTRUmag(HARMONI), datatype: float64}
# - {name: StarINSTRUmag(ERIS), datatype: float64}
# - {name: StarINSTRUmag(MIRIMRS), datatype: float64}
# - {name: StarINSTRUmag(NIRCam), datatype: float64}
# - {name: StarJmag, datatype: float64}
# - {name: StarHmag, datatype: float64}
# - {name: StarHKmag, datatype: float64}
# - {name: StarCHANNEL1mag, datatype: float64}
# - {name: StarCHANNEL2mag, datatype: float64}
# - {name: PlanetINSTRUmag(HARMONI)(thermal+reflected), datatype: float64}
# - {name: PlanetINSTRUmag(HARMONI)(thermal), datatype: float64}
# - {name: PlanetINSTRUmag(HARMONI)(reflected), datatype: float64}
# - {name: PlanetINSTRUmag(ERIS)(thermal+reflected), datatype: float64}
# - {name: PlanetINSTRUmag(ERIS)(thermal), datatype: float64}
# - {name: PlanetINSTRUmag(ERIS)(reflected), datatype: float64}
# - {name: PlanetINSTRUmag(MIRIMRS)(thermal+reflected), datatype: float64}
# - {name: PlanetINSTRUmag(MIRIMRS)(thermal), datatype: float64}
# - {name: PlanetINSTRUmag(NIRCam)(thermal+reflected), datatype: float64}
# - {name: PlanetINSTRUmag(NIRCam)(thermal), datatype: float64}
# - {name: PlanetINSTRUmag(NIRCam)(reflected), datatype: float64}
# - {name: PlanetJmag(thermal+reflected), datatype: float64}
# - {name: PlanetJmag(thermal), datatype: float64}
# - {name: PlanetJmag(reflected), datatype: float64}
# - {name: PlanetHmag(thermal+reflected), datatype: float64}
# - {name: PlanetHmag(thermal), datatype: float64}
# - {name: PlanetHmag(reflected), datatype: float64}
# - {name: PlanetHKmag(thermal+reflected), datatype: float64}
# - {name: PlanetHKmag(thermal), datatype: float64}
# - {name: PlanetHKmag(reflected), datatype: float64}
# - {name: PlanetKmag(thermal+reflected), datatype: float64}
# - {name: PlanetKmag(thermal), datatype: float64}
# - {name: PlanetKmag(reflected), datatype: float64}
# - {name: PlanetCHANNEL1mag(thermal), datatype: float64}
[...]
#     StarTeff:
#       __class__: astropy.units.quantity.Quantity
#       unit: *id002
#       value: !astropy.table.SerializedColumn {name: StarTeff}
#     StarVsini:
#       __class__: astropy.units.quantity.Quantity
#       unit: !astropy.units.Unit {unit: km / s}
#       value: !astropy.table.SerializedColumn {name: StarVsini}
# schema: astropy-2.0
StarName RA Dec Distance "Flux Ratio" AngSep ProjAU Phase SMA Ecc Inc PlanetName PlanetType PlanetMass PlanetRadius PlanetTeq PlanetLogg StarSpT StarMass StarTeff StarRad StarLogg StarKmag DiscoveryMethod StarRadialVelocity StarVsini DeltaRadialVelocity alpha g_alpha StarINSTRUmag(HARMONI) StarINSTRUmag(ERIS) StarINSTRUmag(MIRIMRS) StarINSTRUmag(NIRCam) StarJmag StarHmag StarHKmag StarCHANNEL1mag StarCHANNEL2mag PlanetINSTRUmag(HARMONI)(thermal+reflected) PlanetINSTRUmag(HARMONI)(thermal) PlanetINSTRUmag(HARMONI)(reflected) PlanetINSTRUmag(ERIS)(thermal+reflected) PlanetINSTRUmag(ERIS)(thermal) PlanetINSTRUmag(ERIS)(reflected) PlanetINSTRUmag(MIRIMRS)(thermal+reflected) PlanetINSTRUmag(MIRIMRS)(thermal) PlanetINSTRUmag(NIRCam)(thermal+reflected) PlanetINSTRUmag(NIRCam)(thermal) PlanetINSTRUmag(NIRCam)(reflected) PlanetJmag(thermal+reflected) PlanetJmag(thermal) PlanetJmag(reflected) PlanetHmag(thermal+reflected) PlanetHmag(thermal) PlanetHmag(reflected) PlanetHKmag(thermal+reflected) PlanetHKmag(thermal) PlanetHKmag(reflected) PlanetKmag(thermal+reflected) PlanetKmag(thermal) PlanetKmag(reflected) PlanetCHANNEL1mag(thermal) PlanetCHANNEL2mag(thermal) SNR_band name_band SNR_INSTRU SNR_J SNR_H SNR_HK SNR_K SNR_CHANNEL1 SNR_CHANNEL2
[from data line 75]
"HIP 26844" 85.49507904052734 15.337329864501953 21.35 2.2229656052477125e-11 440.6964404402262 11.970631838819925 2.2372870903793287 13.434539010141041 0.3558138102006076 38.18847332423021 "HIP 26844 10" Neptunian 32.548694106412796 8.18195165182405 200.0 2.6779748330474407 M0V 0.6145766417272877 3854.6800562527155 0.3437772971923687 5.154089291665536 6.86 None 9.590570073944747 19.490029376227604 3.938842502656528 1.1785968234774151 0.5329686720369071 7.010641296494718 7.367859926188103 6.60477865904384 6.782436252865641 7.7829411216076805 7.03810220270467 7.000426141936812 6.619189682324787 6.55336420450002 31.84636668989708 33.35292189950505 32.15824552486316 32.248480319346115 34.052941791860405 32.47695240820447 20.986115850237617 21.207962241686246 23.540147407265284 23.54055395807311 31.908141284264993 32.655670738692486 34.95192320475705 32.7952566077431 31.538167714428393 32.42793710487377 32.16895559384782 31.827215539870476 33.305677240755394 32.14860627408958 32.02950775394526 38.52492420080978 32.03224999781671 22.54640536464712 19.871639678476512 [2.454709696973627e-06,3.3584770455968814e-06,0.015022164909084016,0.0023390748233442543,0.039652709437703215] "[""F250M"",""F300M"",""F410M"",""F356W"",""F444W""]" 0.039652709437703215 nan nan nan nan nan nan
"HIP 112496" 341.8060607910156 18.384286880493164 27.09 9.088865832345015e-13 300.70694010869477 11.871204809300872 2.3853254680235865 15.338674138955621 0.436510595812982 47.55856255267176 "HIP 112496 1" Neptunian 5.3996693459089 2.257446539315452 200.0 3.016287299791923 G0V 0.8138826546927104 4625.809668053836 0.6184284680662899 4.766050473859861 6.43 None 4.211612474022566 0.8491796582934108 5.063159948136599 1.0041572507383918 0.6337817242064916 6.509788958812948 6.822590474103775 6.396144418568827 6.417085102940183 7.177827837241086 6.50763913993 6.501252532034782 6.405114268038677 6.36285613170968 34.406475213822944 36.66617470132807 34.55117329988116 34.72463533807292 37.366194593683424 34.82438172606908 24.29922531195001 24.521215043509265 26.852889939879244 26.85380675989613 34.44478784589758 35.029572839426095 38.26517600658007 35.08616447146885 34.224949640554605 35.74118990669679 34.53362475121237 34.393487355255424 36.618930042578405 34.543158342259225 34.4929143710747 41.8381770026328 34.49416713660802 25.859658166470133 23.184892480299524 [6.567427057996056e-08,8.938552666300822e-08,0.0001672809128732012,2.8633156801340207e-05,0.0004649960472076173] "[""F250M"",""F300M"",""F410M"",""F356W"",""F444W""]" 0.0004649960472076173 nan nan nan nan nan nan
"HIP 19859" 63.870269775390625 6.1871209144592285 21.33 1.0637594973294838e-13 554.5234834639072 19.678019520885517 2.4967458245754353 16.87848766353823 0.29187330931788397 98.91201191994641 "HIP 19859 3" Terran 1.4370913651226702 1.5757401509068603 200.0 2.7536702593247453 G0IV 1.02648491931624 6087.546961754481 0.9749047658664202 4.471495813657318 4.9 None 11.366593420742255 8.02810321894065 7.256523068357137 0.6607314957820879 0.8188338584964183 4.9348242039507975 5.097039682285926 4.893229974389611 4.890156243582503 5.259774692142289 4.934453835971017 4.931319429274087 4.895175739594698 4.885678933336118 33.63295913682436 36.927748317954745 33.6864731461639 33.768638802394946 37.6277682103101 33.800142244681844 24.560247981108123 24.782788660135946 27.112769385213696 27.115380376522815 33.62795108474168 33.864221619087715 38.526749623206754 33.87913902071978 33.54954737348236 36.002763523323466 33.66926596186446 33.62791878735217 36.88050365920509 33.68360925399081 33.67526453374697 42.09975061925948 33.675728004759485 26.12123178309682 23.44646609692621 [4.743668900930492e-07,5.169109504892711e-07,0.00047012950348792953,7.568840061329297e-05,0.0013332495177824364] "[""F250M"",""F300M"",""F410M"",""F356W"",""F444W""]" 0.0013332495177824364 nan nan nan nan nan nan
"HIP 52470" 160.8921356201172 48.21368408203125 26.63 1.3518103884970438e-11 1089.3512010834381 34.71936446286057 0.9891151359311159 46.27039947552022 0.34067762607352126 89.80506413754519 "HIP 52470 9" Jovian 161.00722006562313 7.748769960114158 200.0 3.419534897420693 G5V 0.9214283544963765 5436.136574148009 0.6976641954192635 4.715236329127094 6.13 None 14.492088235440995 3.2628784321457016 4.204203140391019 2.1524737118070303 0.09297651301166418 6.181369404126076 6.39802690021879 6.1099081169545135 6.11560983143696 6.624726517340508 6.180667426531033 6.1760666985765535 6.114943478165027 6.090936254219686 33.80116968476132 33.950909038924806 36.026149937768665 34.4168111443027 34.65092893128016 36.19749217136717 21.584276154648894 21.805949381106004 24.138601916232275 24.138541097492872 35.94656235732432 35.12105747757897 35.549910344176816 36.3369750804095 32.958488623231815 33.02592424429353 36.009119316175166 33.75931231346082 33.90366438017515 36.02144207982889 35.93901603542647 39.122911340229535 35.998444945639086 23.14439250406688 20.46962681789627 [7.151028731160594e-07,2.9690073541673723e-07,0.045027135638493136,0.005402603960786962,0.11969493047607437] "[""F250M"",""F300M"",""F410M"",""F356W"",""F444W""]" 0.11969493047607437 nan nan nan nan nan nan
"HIP 28908" 91.53593444824219 35.388458251953125 25.62 1.9908315069317666e-12 305.0313328395889 13.790884023642294 2.5391319947116906 10.698439685469689 0.2957484469055212 80.05483442800501 "HIP 28908 7" Neptunian 24.499860059467345 5.030862107670424 200.0 2.9770338581136535 G0V 1.1225895574705507 5967.543450190654 1.3361152867944237 4.236600759552549 4.6 None 19.613407649930075 4.701630904750365 9.503469038690662 0.6239744714438302 0.8363497965909895 4.63466222017454 4.796823832560602 4.594771033114859 4.5915715798307755 4.959482996665789 4.634896174401183 4.631130307991442 4.596771000458439 4.587028326931144 29.8412257366779 34.80490060515085 29.852510941834424 29.95949638398872 35.504920497506205 29.966086179939904 22.434061322123497 22.659940947332046 24.97967500605194 24.99253266371891 29.7955596203822 30.041880588047825 36.40390191040285 30.044981831727057 29.81001052331255 33.87991581051957 29.835888331358543 29.837869296440754 34.75765594640119 29.849622552303842 29.84172900119753 39.97690290645557 29.841824869255834 23.99838407029292 21.323618384122305 [2.063287968612637e-06,2.7878928134660592e-06,0.000415770265538113,7.307287319152613e-05,0.0011277815760273007] "[""F250M"",""F300M"",""F410M"",""F356W"",""F444W""]" 0.0011277815760273007 nan nan nan nan nan nan
"HIP 29810" 94.16484069824219 25.20707893371582 22.32 1.4534648729769603e-13 615.0746836524471 15.531597883988368 2.0574438961074013 13.596088412566791 0.14242853404071384 29.763291252417797 "HIP 29810 1" Terran 0.4814712894119583 0.7451520540059222 200.0 2.9292356709637026 K2V 0.6780448833116395 4493.257891951655 0.4575383333191158 4.948471098653513 6.750000000000001 None -7.853905924481531 16.408789384256895 3.301894792959114 1.3365012117915798 0.4430057449201408 6.8388416074368985 7.179971657808569 6.711295051963954 6.741397159504746 7.577281901483755 6.836337571274356 6.82936176263213 6.7213337667563415 6.6741616167737 37.11297639551383 38.6524634837768 37.41411468474808 37.499816934512225 39.35248337613216 37.71730171240827 26.285691900086235 26.507503825957997 28.83972973148707 28.840095542344866 37.30288240291622 37.88854163769775 40.2514647890288 38.019291947089265 36.79682662017393 37.72747868914553 37.396457929408946 37.09461098151622 38.60521882502715 37.405144614555866 37.34505955838399 43.82446578508153 37.347842591133485 27.845946948918872 25.171181262748267 [5.674788162379005e-08,5.6452167487986783e-08,0.0002946737927086449,4.281947256539021e-05,0.0008108919973175657] "[""F250M"",""F300M"",""F410M"",""F356W"",""F444W""]" 0.0008108919973175657 nan nan nan nan nan nan
"HIP 54400" 166.9781951904297 -30.17424774169922 25.65 2.856533062865561e-12 627.2556873208844 17.288161768446344 1.945426282455849 14.377389284247402 0.40385526271792027 130.3044265018343 "HIP 54400 5" Neptunian 11.468263738371359 2.8631463357918885 200.0 3.136965663047148 G2V 1.159498357637593 5928.662795375081 1.1377054990209234 4.390278050676929 4.99 None 13.885037544671007 5.290854697662013 6.450626112687077 1.2879775539607798 0.47031846564993124 5.024824203950797 5.187039682285927 4.9832299743896105 4.980156243582502 5.349774692142289 5.024453835971016 5.021319429274087 4.985175739594698 4.975678933336117 32.68256835319348 36.03143616709718 32.73342033657726 32.81716818887071 36.73145605945254 32.84708943509521 23.663888954878075 23.88647650927838 26.21631297896556 26.219068225665247 32.674898275155044 32.91192344177976 37.630437472349186 32.92608621113314 32.60228173231372 35.106451372465905 32.71621315227782 32.67763365301799 35.98419150834753 32.73055644440417 32.722235318397814 41.20343846840191 32.72267519517285 25.224919632239256 22.550153946068647 [1.948161098725228e-06,1.947782619739653e-06,0.0016894243455936372,0.0002289106637437329,0.0044173828591717226] "[""F250M"",""F300M"",""F410M"",""F356W"",""F444W""]" 0.0044173828591717226 nan nan nan nan nan nan
"HIP 64180" 197.30665588378906 -68.0927505493164 28.1 1.6469110196041268e-11 277.08132216039496 16.412455311283605 0.49427653840624 17.410481513439784 0.0705932068165247 102.90088945648985 "HIP 64180 10" Neptunian 55.506398897600135 3.558638163142695 200.0 3.632930470668934 M0V 0.6359746167191426 4429.9292249343425 0.32416694752017255 5.219969946467931 7.35 None 24.32864893208795 14.23765912659916 5.549594014791191 2.6023368623803194 0.01615962430821219 7.4388416074368955 7.7799716578085665 7.311295051963952 7.341397159504744 8.177281901483754 7.436337571274354 7.429361762632128 7.321333766756339 7.274161616773699 35.69051286143034 35.75732948730555 38.75084929783792 36.3623101198771 36.45734937966091 39.05403632549812 23.390700301752496 23.61236982948675 25.94503383112638 25.944961545873614 38.639617016006056 37.19655908108013 37.35633079255756 39.35602656017912 34.80286815063307 34.83234469267427 38.73319254249879 35.64551514972915 35.71008482855589 38.74187922764571 38.55524706902195 40.92933178861028 38.68457720422333 24.950812952447624 22.276047266277015 [5.8814059616182706e-09,2.388826411784035e-09,0.0005027766842188188,8.483305884545026e-05,0.001411189425218293] "[""F250M"",""F300M"",""F410M"",""F356W"",""F444W""]" 0.001411189425218293 nan nan nan nan nan nan
"HIP 80459" 246.35079956054688 54.30451965332031 6.53 6.135560982175736e-11 638.2568210241071 4.282021327669978 1.8022700965679623 7.46896453963567 0.45624175662282795 108.6603421709925 "HIP 80459 7" Neptunian 60.07778182299206 3.834092117662368 200.0 3.602543885339375 M2V 0.47076351559414803 3662.9728797773446 0.14259416748625783 5.80266690078282 5.830000000000001 None 27.66605718234301 18.06145055482473 7.08590884057162 1.3516950377017558 0.4345349720568435 5.9984564436273935 6.3504954085619625 5.507666211686038 5.738236916928672 6.755487983892455 6.030119559645141 5.988287622882482 5.522795785709654 5.454494218035812 31.277291984117134 32.42647023842268 31.7400079993457 31.70919022190208 33.12649013077804 32.05247434109584 20.059721848493535 20.281510580603882 22.613867716171647 22.61410229699075 31.45391412039801 32.148434015754496 34.02547154367469 32.36058703681389 30.867740649083988 31.501485443791406 31.753768144120112 31.254508709464748 32.379225579673026 31.730451079811345 31.594031794062914 37.59847253972741 31.598345101334807 21.619953703564757 18.94518801739415 [8.750673394821115e-06,9.112338683572071e-06,0.06050164618947242,0.008764426104026307,0.16470436997194293] "[""F250M"",""F300M"",""F410M"",""F356W"",""F444W""]" 0.16470436997194293 nan nan nan nan nan nan
"HIP 67808" 208.36521911621094 12.94418716430664 20.95 5.799133052479451e-12 597.4406459579599 13.20781000332845 1.245794142703994 13.780120174745331 0.04302006939463297 21.93459847136275 "HIP 67808 5" Terran 1.9020440667259377 1.8823993620858233 200.0 2.720952122466401 M0V 0.6029811000668869 4000.132098949701 0.45070393240902334 4.910588632416126 6.1499999999999995 None 18.960000401738483 7.179805148510539 2.327378004303739 1.6903589153115801 0.26093795045456625 6.278628355528179 6.638937888647245 5.975908496688299 6.097970869324985 7.060864702513527 6.294324347101115 6.2683117118422595 5.989188215241912 5.927864079527093 35.098398809288604 36.50257834859528 35.44660275810583 35.51217634361925 37.202598240950635 35.76918236680013 24.13580836942042 24.35761869077648 26.6898820515315 26.690210407163345 35.247541086710356 35.93568078725759 38.10157965384728 36.09443639630345 34.757459991881554 35.577593553964 35.446435037017835 35.07821721459682 36.455333689845624 35.43683213148996 35.33822967333162 41.67458064990001 35.34140522281406 25.69606181373735 23.021296127566742 [2.5371676270610327e-07,2.528322848834874e-07,0.0014416647174375497,0.00021809861830117384,0.004022765209418295] "[""F250M"",""F300M"",""F410M"",""F356W"",""F444W""]" 0.004022765209418295 nan nan nan nan nan nan
"HIP 107317" 326.054931640625 6.641867160797119 20.82 2.1405117331275551e-10 134.26132166936515 3.1533365554674377 1.0896488064572687 3.703486330611609 0.17759325422244704 118.78208291671324 "HIP 107317 7" Neptunian 9.795488699302014 1.700092730597635 200.0 3.5212359691458066 M3V 0.4810697380215788 3763.6701294642344 0.17223190602274635 5.648048449951761 7.499999999999999 None 12.58531935723721 4.395394923855543 9.408833711956863 1.9884550618557404 0.1420628639823044 7.650641296494718 8.007859926188102 7.24477865904384 7.422436252865641 8.42294112160768 7.67810220270467 7.640426141936811 7.259189682324787 7.1933642045000195 34.66807349913514 36.71025762106237 34.84765969408808 35.03694167080867 37.410277513417725 35.166366577429386 24.3432987567029 24.565297963243566 26.89706858379086 26.89788967963043 34.59755545348992 35.40699919689025 38.30925892631437 35.484670776968024 34.47319851095599 35.78527282643109 34.858369763072744 34.652616494071424 36.663012962312706 34.838020443314505 34.72018100244191 41.8822599223671 34.72166416704164 25.903741086204434 23.228975400033825 [9.253677477335724e-09,1.1643999088640767e-08,1.8849947763392553e-05,3.871336882927433e-06,5.079809597395492e-05] "[""F250M"",""F300M"",""F410M"",""F356W"",""F444W""]" 5.079809597395492e-05 nan nan nan nan nan nan
