sim_data/Simulated_table/Simulated_Pull_MIRIMRS_systematic_limit_BT-Settl.ecsv
# %ECSV 1.0
# ---
# datatype:
# - {name: StarName, datatype: string}
# - {name: RA, datatype: float64}
# - {name: Dec, datatype: float64}
# - {name: Distance, unit: pc, datatype: float64}
# - {name: Flux Ratio, datatype: float64}
# - {name: AngSep, unit: mas, datatype: float64}
# - {name: ProjAU, unit: AU, datatype: float64}
# - {name: Phase, unit: rad, datatype: float64}
# - {name: SMA, unit: AU, datatype: float64}
# - {name: Ecc, datatype: float64}
# - {name: Inc, unit: deg, datatype: float64}
# - {name: PlanetName, datatype: string}
# - {name: PlanetType, datatype: string}
# - {name: PlanetMass, unit: earthMass, datatype: float64}
# - {name: PlanetRadius, unit: earthRad, datatype: float64}
# - {name: PlanetTeq, unit: K, datatype: float64}
# - {name: PlanetLogg, unit: dex(cm / s2), datatype: float64}
# - {name: StarSpT, datatype: string}
# - {name: StarMass, unit: solMass, datatype: float64}
# - {name: StarTeff, unit: K, datatype: float64}
# - {name: StarRad, unit: solRad, datatype: float64}
# - {name: StarLogg, unit: dex(cm / s2), datatype: float64}
# - {name: StarKmag, datatype: float64}
# - {name: DiscoveryMethod, datatype: string}
# - {name: StarRadialVelocity, unit: km / s, datatype: float64}
# - {name: StarVsini, unit: km / s, datatype: float64}
# - {name: DeltaRadialVelocity, unit: km / s, datatype: float64}
# - {name: alpha, datatype: float64}
# - {name: g_alpha, datatype: float64}
# - {name: StarINSTRUmag(HARMONI), datatype: float64}
# - {name: StarINSTRUmag(ERIS), datatype: float64}
# - {name: StarINSTRUmag(MIRIMRS), datatype: float64}
# - {name: StarINSTRUmag(NIRCam), datatype: float64}
# - {name: StarJmag, datatype: float64}
# - {name: StarHmag, datatype: float64}
# - {name: StarHKmag, datatype: float64}
# - {name: StarCHANNEL1mag, datatype: float64}
# - {name: StarCHANNEL2mag, datatype: float64}
# - {name: PlanetINSTRUmag(HARMONI)(thermal+reflected), datatype: float64}
# - {name: PlanetINSTRUmag(HARMONI)(thermal), datatype: float64}
# - {name: PlanetINSTRUmag(HARMONI)(reflected), datatype: float64}
# - {name: PlanetINSTRUmag(ERIS)(thermal+reflected), datatype: float64}
# - {name: PlanetINSTRUmag(ERIS)(thermal), datatype: float64}
# - {name: PlanetINSTRUmag(ERIS)(reflected), datatype: float64}
# - {name: PlanetINSTRUmag(MIRIMRS)(thermal+reflected), datatype: float64}
# - {name: PlanetINSTRUmag(MIRIMRS)(thermal), datatype: float64}
# - {name: PlanetINSTRUmag(NIRCam)(thermal+reflected), datatype: float64}
# - {name: PlanetINSTRUmag(NIRCam)(thermal), datatype: float64}
# - {name: PlanetINSTRUmag(NIRCam)(reflected), datatype: float64}
# - {name: PlanetJmag(thermal+reflected), datatype: float64}
# - {name: PlanetJmag(thermal), datatype: float64}
# - {name: PlanetJmag(reflected), datatype: float64}
# - {name: PlanetHmag(thermal+reflected), datatype: float64}
# - {name: PlanetHmag(thermal), datatype: float64}
# - {name: PlanetHmag(reflected), datatype: float64}
# - {name: PlanetHKmag(thermal+reflected), datatype: float64}
# - {name: PlanetHKmag(thermal), datatype: float64}
# - {name: PlanetHKmag(reflected), datatype: float64}
# - {name: PlanetKmag(thermal+reflected), datatype: float64}
# - {name: PlanetKmag(thermal), datatype: float64}
# - {name: PlanetKmag(reflected), datatype: float64}
# - {name: PlanetCHANNEL1mag(thermal), datatype: float64}
[...]
#     StarTeff:
#       __class__: astropy.units.quantity.Quantity
#       unit: *id002
#       value: !astropy.table.SerializedColumn {name: StarTeff}
#     StarVsini:
#       __class__: astropy.units.quantity.Quantity
#       unit: !astropy.units.Unit {unit: km / s}
#       value: !astropy.table.SerializedColumn {name: StarVsini}
# schema: astropy-2.0
StarName RA Dec Distance "Flux Ratio" AngSep ProjAU Phase SMA Ecc Inc PlanetName PlanetType PlanetMass PlanetRadius PlanetTeq PlanetLogg StarSpT StarMass StarTeff StarRad StarLogg StarKmag DiscoveryMethod StarRadialVelocity StarVsini DeltaRadialVelocity alpha g_alpha StarINSTRUmag(HARMONI) StarINSTRUmag(ERIS) StarINSTRUmag(MIRIMRS) StarINSTRUmag(NIRCam) StarJmag StarHmag StarHKmag StarCHANNEL1mag StarCHANNEL2mag PlanetINSTRUmag(HARMONI)(thermal+reflected) PlanetINSTRUmag(HARMONI)(thermal) PlanetINSTRUmag(HARMONI)(reflected) PlanetINSTRUmag(ERIS)(thermal+reflected) PlanetINSTRUmag(ERIS)(thermal) PlanetINSTRUmag(ERIS)(reflected) PlanetINSTRUmag(MIRIMRS)(thermal+reflected) PlanetINSTRUmag(MIRIMRS)(thermal) PlanetINSTRUmag(NIRCam)(thermal+reflected) PlanetINSTRUmag(NIRCam)(thermal) PlanetINSTRUmag(NIRCam)(reflected) PlanetJmag(thermal+reflected) PlanetJmag(thermal) PlanetJmag(reflected) PlanetHmag(thermal+reflected) PlanetHmag(thermal) PlanetHmag(reflected) PlanetHKmag(thermal+reflected) PlanetHKmag(thermal) PlanetHKmag(reflected) PlanetKmag(thermal+reflected) PlanetKmag(thermal) PlanetKmag(reflected) PlanetCHANNEL1mag(thermal) PlanetCHANNEL2mag(thermal) SNR_band name_band SNR_INSTRU SNR_J SNR_H SNR_HK SNR_K SNR_CHANNEL1 SNR_CHANNEL2
[from data line 1043]
"HIP 57387" 176.48379516601562 72.09554290771484 27.02 3.659772305371781e-14 949.1900476784579 30.92735647534691 2.163793295614249 24.757589122376945 0.6334667690061753 78.36184702582712 "HIP 57387 5" Terran 0.38057206536770344 0.9503170524635546 200.0 2.6158549445270998 K8V 0.7867428119647694 4368.44640044032 0.7411179105882805 4.594125793030338 6.049999999999999 None -27.685921530252827 13.139913445485371 5.200366869399778 0.9915904295705076 0.6409875484745569 6.1388416074368966 6.479971657808567 6.011295051963951 6.041397159504744 6.877281901483753 6.136337571274354 6.129361762632128 6.02133376675634 5.974161616773699 36.833446652427554 38.53930115896202 37.086367855615414 37.20800266729279 39.239321051317376 37.389554883275615 26.172497816121165 26.394376797054765 28.726388295471637 28.726933217530082 36.975135573783554 37.58311382035774 40.13830246421402 37.69154511795661 36.55502113391186 37.61431636433074 37.06871110027628 36.81641106855627 38.49205650021236 37.0773977854232 37.0178112982678 43.71130346026675 37.02009576200082 27.732803936595303 25.058044052579017 [0.0005438096783675215,1.1563765822422692e-05,0.0002822468869338598,0.00035603931932189314,0.00028493849901771966,0.0002984354645811997] "[""1SHORT"",""1MEDIUM"",""1LONG"",""2SHORT"",""2MEDIUM"",""2LONG""]" 0.0005438096783675215 nan nan nan nan 0.0005438096783675215 0.00035603931932189314
"HIP 34785" 108.02034759521484 -24.892070770263672 26.69 5.923623600512066e-12 327.30870903762053 10.349162515980117 2.1366827577519962 18.858373901001478 0.4709890656948749 81.81834539432049 "HIP 34785 10" Neptunian 36.235013127929015 3.279433052281719 200.0 3.5186859660411787 M0V 0.6612553683047436 4068.520901170092 0.4229913224601016 5.0057739220255355 6.889999999999999 None -3.908899574489329 4.6668245162709265 5.521007878001455 1.0113616811993824 0.6296436976165387 7.018628355528178 7.378937888647244 6.715908496688298 6.837970869324986 7.800864702513527 7.034324347101116 7.008311711842259 6.729188215241911 6.667864079527091 34.374213557813974 35.82296606868838 34.70602989697338 34.78417119931859 36.52298596104374 35.028609505667674 23.45618778853367 23.678041706781126 26.01016452697273 26.010598127256447 34.5069682255779 35.203202095884805 37.42196737394038 35.35386353517099 34.04510287630899 34.8979812740571 34.70586217588538 34.35444879134752 35.775721409938726 34.6962592703575 34.59782995652543 40.99496836999311 34.600832361681604 25.016468846321672 22.34170896230538 [0.00014507008118571225,1.0880050641367597e-05,0.00015805932097435625,0.00022232197606548857,0.00023482508982721045,0.0001784533402827177] "[""1SHORT"",""1MEDIUM"",""1LONG"",""2SHORT"",""2MEDIUM"",""2LONG""]" 0.00023482508982721045 nan nan nan nan 0.00015805932097435625 0.00023482508982721045
"HIP 52600 A" 161.3396453857422 38.51140213012695 13.92 3.7556183935409785e-10 649.6310140871786 9.594578820612243 1.2300251401826507 10.584442730290148 0.6398659093920268 19.880153710215428 "HIP 52600 A" Jovian 278.8606216620917 10.114011382481069 200.0 3.4266953970453087 M2V 0.6068513639145898 3886.043480299591 0.3994660832195538 5.018190137029616 5.549999999999999 None 9.04345914681003 9.074292882630369 2.4268751867564307 1.6846931833101748 0.26354245076254124 5.700641296494718 6.057859926188102 5.294778659043839 5.47243625286564 6.472941121607679 5.728102202704669 5.690426141936811 5.309189682324787 5.243364204500019 30.354907815210616 31.963796033123973 30.634766776324895 30.74925146380936 32.663815925479334 30.9534736596662 19.596966300120698 19.81887167121672 22.150875607265277 22.15142809169204 30.384662535726726 31.147545923307973 33.56279733837598 31.271777859204835 30.071853741274207 31.0388112384927 30.645476845309553 30.33660882731672 31.916551374374322 30.625127525551314 30.506347829144424 37.135798334428706 30.508771249278446 21.157298810757265 18.482538926740975 [0.013775139944441238,0.0002882063985585555,0.013932331009268424,0.01247578253280657,0.011785764679399395,0.006764789053851077] "[""1SHORT"",""1MEDIUM"",""1LONG"",""2SHORT"",""2MEDIUM"",""2LONG""]" 0.013932331009268424 nan nan nan nan 0.013932331009268424 0.01247578253280657
"HIP 3008" 9.564007759094238 52.33242416381836 23.7 1.263382321794281e-12 1038.843341339502 26.25287957087507 1.9252845530065905 21.651895676590414 0.44363137016704884 146.44418322304446 "HIP 3008 9" Neptunian 13.738821623156635 3.1172560343904454 200.0 3.1415596182649765 M0V 0.5724838325215812 3917.9429398899183 0.38502428201967304 5.024854614253571 6.92 None -26.910813042747282 18.108454964663792 2.6771360592479865 1.377734240141766 0.4201193938508979 7.048628355528179 7.4089378886472455 6.745908496688299 6.867970869324987 7.830864702513528 7.064324347101117 7.03831171184226 6.759188215241912 6.697864079527093 34.876760287952365 35.67509640550136 35.585425117569905 35.36405647764845 36.375116297856714 35.9080047262642 23.308411137912945 23.530172043594103 25.862560104946397 25.86272846406942 35.38636344617443 35.880880798610995 37.27409771075336 36.23325875576752 34.336715339181595 34.75011161087008 35.58525739648191 34.8488644840807 35.6278517467517 35.57565449095404 35.472510882288006 40.84709870680609 35.48022758227813 24.86859918313465 22.193839299118356 [0.02015928731045733,0.00034479920449903404,0.010695861363728952,0.014217416580268838,0.009445273254120952,0.011018750000878971] "[""1SHORT"",""1MEDIUM"",""1LONG"",""2SHORT"",""2MEDIUM"",""2LONG""]" 0.02015928731045733 nan nan nan nan 0.02015928731045733 0.014217416580268838
"HIP 83006" 254.42645263671875 47.361507415771484 17.8 1.3627922460176517e-11 286.5841832166839 5.239017476392484 1.800676399680714 6.262711960091242 0.17543066371895244 147.59990382634567 "HIP 83006 9" Neptunian 6.024246549708599 2.5126226514826433 200.0 2.970803278249168 K0V 0.7342153875558777 4742.7381778526815 0.6356494698764444 4.697455731172105 5.540000000000001 None 18.63757600380586 0.9135458452353173 5.464551969795924 1.4483967107647155 0.3817324791497874 5.611724289665566 5.896510793213051 5.508917347578548 5.5250833804469766 6.212112225829562 5.6100381024657775 5.604103798916896 5.516730007075255 5.479821468868536 31.983312384626295 35.521680705330716 32.025858351583175 32.24126403167351 36.22170059768607 32.269393625803275 23.153908529844735 23.376756343423462 25.70577645970664 25.70931276389878 31.925480892151064 32.47818149241874 37.12068201058272 32.4933785665623 31.912730105973544 34.59669591069944 32.00848206273159 31.974659252405413 35.47443604658106 32.01877637198884 31.976847031422537 40.693683006635446 31.977201078274625 24.715183482964008 22.040423598947715 [5.463975513550885e-05,4.0404968093701156e-06,6.121373918855406e-05,9.106138795916047e-05,0.00012272392949777124,7.299784247363185e-05] "[""1SHORT"",""1MEDIUM"",""1LONG"",""2SHORT"",""2MEDIUM"",""2LONG""]" 0.00012272392949777124 nan nan nan nan 6.121373918855406e-05 0.00012272392949777124
"HIP 34950" 108.4723892211914 25.011592864990234 24.65 5.149103943535873e-11 569.1272262026097 14.793296508655372 1.893649618825454 14.292454105503772 0.0753298577899221 161.45102520164787 "HIP 34950 5" Neptunian 111.49060405619407 9.759638778544842 200.0 3.059525862516879 K1V 0.8626940731262742 5191.846537978043 0.594332140423898 4.825866008133776 6.220000000000001 None 28.58887566522977 16.03870581804495 2.3282881369546016 1.4696946038865402 0.37039733030773203 6.277046614926273 6.514798561016647 6.198828448334197 6.206707146162286 6.76806266367057 6.275542788635803 6.271008459356513 6.204695368771686 6.176807576492184 31.365311881593037 33.282132945319006 31.569067661337904 31.630579678249543 33.98215283767436 31.762791123453088 20.915288224065876 21.137208583411752 23.469089695363053 23.469765003887076 31.484982553065628 31.858249754595253 34.881134250571016 31.927487757981776 31.12864824621002 32.357148150687735 31.551458689832202 31.35258383099022 33.23488828656935 31.563603606761063 31.53362640935176 38.454135246623736 31.53547947730698 22.475635722952298 19.800875838936008 [0.0034920859838828886,0.00015323670971224238,0.0034242216833288972,0.0037289504735193275,0.004396547341116018,0.003005359907453359] "[""1SHORT"",""1MEDIUM"",""1LONG"",""2SHORT"",""2MEDIUM"",""2LONG""]" 0.004396547341116018 nan nan nan nan 0.0034920859838828886 0.004396547341116018
"HIP 97096" 295.9877624511719 -66.2935562133789 17.4 2.2342554291879327e-10 327.3868317051663 5.986855777608525 1.2580958034070222 4.7172798160116125 0.46218007864220056 144.45290428074907 "HIP 97096 2" Neptunian 41.538929918388874 3.854996338667266 200.0 3.4375624466519707 G5V 0.6526759496056078 4815.94093466545 0.27545009829851463 5.372679373629845 7.550000000000001 None -27.776705548879484 7.784671453712431 6.441569098536205 1.7506108145674648 0.2339908330549496 7.621724289665566 7.906510793213051 7.518917347578547 7.535083380446976 8.22211222582956 7.620038102465777 7.6141037989168945 7.526730007075254 7.489821468868536 32.783183747212384 34.542843438908584 33.02242153054871 33.10303822065602 35.24286333126394 33.26595680476881 22.17603133926326 22.397919077001333 24.729901404720643 24.73047549747665 32.92204407111661 33.399423984861265 36.14184474416059 33.489941745527844 32.5162032849467 33.617858644277305 33.005045241697125 32.76804050914238 34.49559878015893 33.01533955095438 32.9715822546932 39.71484574021331 32.97376425724017 23.73634621654187 21.061586332525586 [0.0009622367955550077,7.393913008866147e-05,0.0010522973211403717,0.0015301569432403736,0.0015228773674336657,0.001255399744935552] "[""1SHORT"",""1MEDIUM"",""1LONG"",""2SHORT"",""2MEDIUM"",""2LONG""]" 0.0015301569432403736 nan nan nan nan 0.0010522973211403717 0.0015301569432403736
"HIP 66781" 205.30592346191406 56.72700119018555 24.64 5.44692434531062e-13 1538.345102380751 41.220476106093436 1.9746258244032975 41.97795838139978 0.2057715545864336 83.86790715938723 "HIP 66781 12" Neptunian 70.65177504003039 4.028339848247477 200.0 3.6300259546115274 K0V 0.9541065184221516 5162.939002655613 0.7992869133666299 4.612259085498568 5.78 None 9.775206464221021 7.532613436252998 4.465161000787828 1.1694105357918998 0.5382750362556461 5.8370466149262725 6.074798561016647 5.758828448334197 5.766707146162286 6.328062663670569 5.835542788635802 5.831008459356513 5.764695368771687 5.7368075764921835 34.33550384434696 35.20279005252875 34.98433742296018 34.72847796564933 35.902809944884105 35.17806088507536 22.83610865802604 23.057865690621494 25.390251597845534 25.39042211109681 34.900252314687904 35.09110122613692 36.80179135778075 35.34275751960405 33.815942560524746 34.27780525789747 34.96672845145448 34.311044819564884 35.15554539377909 34.97887336838333 34.94342703516726 40.37479235383348 34.950749238929255 24.39629283016204 21.721532946145746 [0.028910888746350404,0.0010945899006921168,0.02790719538848395,0.032666547696695726,0.025457730548391327,0.017954210081064875] "[""1SHORT"",""1MEDIUM"",""1LONG"",""2SHORT"",""2MEDIUM"",""2LONG""]" 0.032666547696695726 nan nan nan nan 0.028910888746350404 0.032666547696695726
"HIP 32349" 101.28854370117188 -16.71314239501953 2.63 2.0152917535586748e-13 10213.76746064688 26.88650049343753 1.6133084353212068 25.975395189403113 0.04297793573025151 134.31924364653784 "HIP 32349 9" Terran 0.4019119261792427 0.8602222760774093 200.0 2.726064605964489 A1V 1.972461062941152 10002.18852270849 1.5871634864490745 4.33183273865389 -1.39 None -22.578560444258926 2.5607599604991504 5.872196752934299 1.5403851669580184 0.3336602810368837 -1.3866368091698689 -1.4008640022534056 -1.3585557782047335 -1.3760528811784218 -1.4114649386566978 -1.384062538292821 -1.3860438953821612 -1.3611625357283037 -1.3489349257922132 30.529621854734327 33.69694236583062 30.58999085347715 30.487556414841986 34.39696225818599 30.51761438913065 21.32958343586757 21.552018003923372 23.882313212632265 23.88457442439869 30.58690133051136 30.42283221889361 35.29594367108263 30.435104687244024 30.440786581851555 32.771957571199344 30.57566828024632 30.52820514715085 33.649697707080975 30.59125382933243 30.609204047005964 38.86894466713536 30.609743478071568 22.890445143463918 20.215685259447625 [0.000491165428592783,9.343127414121175e-06,0.00017798034467334106,0.0007210569378683705,0.00045117733439564483,0.0005460382183704061] "[""1SHORT"",""1MEDIUM"",""1LONG"",""2SHORT"",""2MEDIUM"",""2LONG""]" 0.0007210569378683705 nan nan nan nan 0.000491165428592783 0.0007210569378683705
"HIP 8275" 26.661243438720703 12.411954879760742 24.02 2.7026755508918746e-12 1058.5052056674376 48.273442465541706 0.554705784936505 32.732347189697364 0.47521749391640294 117.98010784106759 "HIP 8275 4" Neptunian 27.830127698748267 4.345170768483077 200.0 3.159656582622358 K5V 0.7660571067479426 4648.70706545726 0.5711690017272465 4.808799514126991 6.32 None 4.76641158849813 17.42842348393157 4.024147272992056 2.4199066112983485 0.03784281663979693 6.399788958812948 6.712590474103775 6.286144418568829 6.307085102940184 7.067827837241087 6.397639139930002 6.391252532034782 6.295114268038677 6.252856131709681 34.89946922993283 34.98304781628058 37.72506370942708 35.5614247860147 35.68306770863594 37.99827213561501 22.61641789288451 22.838123454373328 25.170668484875772 25.170679874848645 37.61867825544351 36.37221350620527 36.582049121532584 38.26005488101478 34.02103614798 34.0580630216493 37.7075151607583 34.855082993871434 34.93580315753092 37.71704875180515 37.56338687930612 40.15505011758531 37.66805754615395 24.176550593913866 21.50179070989758 [0.028066274871622304,0.0005029344787192329,0.012447739822317045,0.01897841323291305,0.0144098966337873,0.013357724010612594] "[""1SHORT"",""1MEDIUM"",""1LONG"",""2SHORT"",""2MEDIUM"",""2LONG""]" 0.028066274871622304 nan nan nan nan 0.028066274871622304 0.01897841323291305
"HIP 70873" 217.40284729003906 41.79644775390625 23.74 5.7053453708128306e-12 280.931679622951 7.499047526868 1.0959332966117588 7.927155283750741 0.24798224970070162 30.075468667152307 "HIP 70873 1" Terran 0.5818043234605095 1.2189357010780861 200.0 2.5839704318483228 G5V 1.1638543829639316 5601.697844213074 1.2580483811519416 4.304571587288669 4.74 None 4.8103359800040195 9.760958567558266 5.719306667560417 1.80197979902882 0.21213789606665906 4.784651020410256 4.981864188828821 4.726639912866918 4.728016957138943 5.185057249326311 4.783754614336533 4.78002768096912 4.730726331874771 4.7111699916855745 33.88681387522463 37.71771663431035 33.919159555703274 34.050281903911724 38.417736526665706 34.069900151553966 25.3496183338292 25.5727922724031 27.900804580651062 27.90534869287842 33.84876402240986 34.17752528423915 39.31671793956236 34.187118506123575 33.82853681247246 36.79273183967907 33.90175302624956 33.881511927540274 37.670471975560694 33.91515152964728 33.89807702944916 42.889718935615086 33.89835189640316 26.91121941194364 24.236459527927355 [3.440303963847349e-06,2.7605142957022124e-07,4.006717367270407e-06,5.977546796931947e-06,7.697457400050786e-06,4.720422971024044e-06] "[""1SHORT"",""1MEDIUM"",""1LONG"",""2SHORT"",""2MEDIUM"",""2LONG""]" 7.697457400050786e-06 nan nan nan nan 4.006717367270407e-06 7.697457400050786e-06
