sim_data/Simulated_table/Simulated_Pull_NIRSpec_BT-Settl+PICASO.ecsv
# %ECSV 1.0
# ---
# datatype:
# - {name: StarName, datatype: string}
# - {name: RA, datatype: float64}
# - {name: Dec, datatype: float64}
# - {name: Distance, unit: pc, datatype: float64}
# - {name: Flux Ratio, datatype: float64}
# - {name: AngSep, unit: mas, datatype: float64}
# - {name: ProjAU, unit: AU, datatype: float64}
# - {name: Phase, unit: rad, datatype: float64}
# - {name: SMA, unit: AU, datatype: float64}
# - {name: Ecc, datatype: float64}
# - {name: Inc, unit: deg, datatype: float64}
# - {name: PlanetName, datatype: string}
# - {name: PlanetType, datatype: string}
# - {name: PlanetMass, unit: earthMass, datatype: float64}
# - {name: PlanetRadius, unit: earthRad, datatype: float64}
# - {name: PlanetTeq, unit: K, datatype: float64}
# - {name: PlanetLogg, unit: dex(cm / s2), datatype: float64}
# - {name: StarSpT, datatype: string}
# - {name: StarMass, unit: solMass, datatype: float64}
# - {name: StarTeff, unit: K, datatype: float64}
# - {name: StarRad, unit: solRad, datatype: float64}
# - {name: StarLogg, unit: dex(cm / s2), datatype: float64}
# - {name: StarKmag, datatype: float64}
# - {name: DiscoveryMethod, datatype: string}
# - {name: StarRadialVelocity, unit: km / s, datatype: float64}
# - {name: StarVsini, unit: km / s, datatype: float64}
# - {name: DeltaRadialVelocity, unit: km / s, datatype: float64}
# - {name: alpha, datatype: float64}
# - {name: g_alpha, datatype: float64}
# - {name: StarINSTRUmag(HARMONI), datatype: float64}
# - {name: StarINSTRUmag(ERIS), datatype: float64}
# - {name: StarINSTRUmag(MIRIMRS), datatype: float64}
# - {name: StarINSTRUmag(NIRCam), datatype: float64}
# - {name: StarINSTRUmag(NIRSpec), datatype: float64}
# - {name: StarJmag, datatype: float64}
# - {name: StarHmag, datatype: float64}
# - {name: StarHKmag, datatype: float64}
# - {name: StarCHANNEL1mag, datatype: float64}
# - {name: StarCHANNEL2mag, datatype: float64}
# - {name: PlanetINSTRUmag(HARMONI)(thermal+reflected), datatype: float64}
# - {name: PlanetINSTRUmag(HARMONI)(thermal), datatype: float64}
# - {name: PlanetINSTRUmag(HARMONI)(reflected), datatype: float64}
# - {name: PlanetINSTRUmag(ERIS)(thermal+reflected), datatype: float64}
# - {name: PlanetINSTRUmag(ERIS)(thermal), datatype: float64}
# - {name: PlanetINSTRUmag(ERIS)(reflected), datatype: float64}
# - {name: PlanetINSTRUmag(MIRIMRS)(thermal+reflected), datatype: float64}
# - {name: PlanetINSTRUmag(MIRIMRS)(thermal), datatype: float64}
# - {name: PlanetINSTRUmag(NIRCam)(thermal+reflected), datatype: float64}
# - {name: PlanetINSTRUmag(NIRCam)(thermal), datatype: float64}
# - {name: PlanetINSTRUmag(NIRCam)(reflected), datatype: float64}
# - {name: PlanetINSTRUmag(NIRSpec)(thermal+reflected), datatype: float64}
# - {name: PlanetINSTRUmag(NIRSpec)(thermal), datatype: float64}
# - {name: PlanetINSTRUmag(NIRSpec)(reflected), datatype: float64}
# - {name: PlanetJmag(thermal+reflected), datatype: float64}
# - {name: PlanetJmag(thermal), datatype: float64}
# - {name: PlanetJmag(reflected), datatype: float64}
# - {name: PlanetHmag(thermal+reflected), datatype: float64}
# - {name: PlanetHmag(thermal), datatype: float64}
# - {name: PlanetHmag(reflected), datatype: float64}
# - {name: PlanetHKmag(thermal+reflected), datatype: float64}
# - {name: PlanetHKmag(thermal), datatype: float64}
[...]
#       value: !astropy.table.SerializedColumn {name: StarTeff}
#     StarVsini:
#       __class__: astropy.units.quantity.Quantity
#       unit: !astropy.units.Unit {unit: km / s}
#       value: !astropy.table.SerializedColumn {name: StarVsini}
# schema: astropy-2.0
StarName RA Dec Distance "Flux Ratio" AngSep ProjAU Phase SMA Ecc Inc PlanetName PlanetType PlanetMass PlanetRadius PlanetTeq PlanetLogg StarSpT StarMass StarTeff StarRad StarLogg StarKmag DiscoveryMethod StarRadialVelocity StarVsini DeltaRadialVelocity alpha g_alpha StarINSTRUmag(HARMONI) StarINSTRUmag(ERIS) StarINSTRUmag(MIRIMRS) StarINSTRUmag(NIRCam) StarINSTRUmag(NIRSpec) StarJmag StarHmag StarHKmag StarCHANNEL1mag StarCHANNEL2mag PlanetINSTRUmag(HARMONI)(thermal+reflected) PlanetINSTRUmag(HARMONI)(thermal) PlanetINSTRUmag(HARMONI)(reflected) PlanetINSTRUmag(ERIS)(thermal+reflected) PlanetINSTRUmag(ERIS)(thermal) PlanetINSTRUmag(ERIS)(reflected) PlanetINSTRUmag(MIRIMRS)(thermal+reflected) PlanetINSTRUmag(MIRIMRS)(thermal) PlanetINSTRUmag(NIRCam)(thermal+reflected) PlanetINSTRUmag(NIRCam)(thermal) PlanetINSTRUmag(NIRCam)(reflected) PlanetINSTRUmag(NIRSpec)(thermal+reflected) PlanetINSTRUmag(NIRSpec)(thermal) PlanetINSTRUmag(NIRSpec)(reflected) PlanetJmag(thermal+reflected) PlanetJmag(thermal) PlanetJmag(reflected) PlanetHmag(thermal+reflected) PlanetHmag(thermal) PlanetHmag(reflected) PlanetHKmag(thermal+reflected) PlanetHKmag(thermal) PlanetHKmag(reflected) PlanetKmag(thermal+reflected) PlanetKmag(thermal) PlanetKmag(reflected) PlanetCHANNEL1mag(thermal) PlanetCHANNEL2mag(thermal) SNR_band name_band SNR_INSTRU SNR_J SNR_H SNR_HK SNR_K SNR_CHANNEL1 SNR_CHANNEL2
[from data line 373]
"HIP 39342" 120.63088989257812 -66.02062225341797 17.31 5.949182400518902e-11 152.38577316201378 2.8798241516055882 1.983704010209484 3.1731487832923335 0.12409927666649655 111.24491220025178 "HIP 39342 4" Neptunian 8.459191591254811 1.5009953490538364 200.0 3.5657252502145056 K1V 0.9095428367747161 5078.230006431863 0.7651178258472228 4.629434144469266 5.109999999999999 None -23.837034051042018 5.3977610845311075 14.862782143965259 1.187473991177068 0.5278452954338554 5.173321967774067 5.434724859686181 5.086249188315777 5.097342931773686 5.479314407534233 5.718837655971742 5.1709946609337205 5.16649258677827 5.093031979941899 5.060868142114325 30.872240778207217 36.57980565366697 30.87791403611691 31.093064442852437 37.27982554602233 31.096709872830864 24.204562320870604 24.43484599584817 26.741007715855986 26.767437712235036 30.78826394738361 29.391203917028427 29.333260355821317 31.121449825153004 31.288002836372847 38.178806958918976 31.290728880139746 30.845171572102288 35.654820859035695 30.85972224211242 30.867743626799626 36.53256099491732 30.871640849793366 30.83836176814982 41.7518079549717 30.8378526840266 25.773289118809043 23.098523432638434 [1.0065301435452854e-07,1.8999270423796966e-07,1.9818219213052362e-07,0.00027017324064952533,1.4161360370864653e-07,2.905219576583369e-07,3.6310818390510563e-07,0.00039432026313810677] "[""G140M-F070"",""G140M-F100"",""G235M-F170"",""G395M-F290"",""G140H-F070"",""G140H-F100"",""G235H-F170"",""G395H-F290""]" 0.00039432026313810677 nan nan nan nan nan nan
"HIP 34104" 106.07408142089844 -10.506827354431152 16.02 1.7136228130045993e-12 719.9258350544449 11.73253903962281 1.7553909391884643 11.239030438929584 0.10757056471813319 96.00066608679003 "HIP 34104 3" Neptunian 2.1341692643596977 1.240795120244311 200.0 3.13298378934003 M5V 0.48485180023004615 3763.6701294642344 0.1933282832131499 5.551085851058091 6.780000000000001 None -10.859391656726189 11.88394628956107 6.1524753527524645 1.387224717061357 0.41489924041312215 6.93064129649472 7.287859926188104 6.524778659043841 6.702436252865642 7.32487338642086 7.702941121607681 6.958102202704671 6.920426141936813 6.539189682324789 6.473364204500021 35.622875033074365 36.82502922163475 36.05845768389915 36.05341265967469 37.52504911399011 36.377164567240456 24.458281760672264 24.680069563815948 27.012332139475163 27.012661280202813 35.80835344330099 29.858419076125784 29.578483923789094 36.395863742631846 36.493610385653035 38.42403052688675 36.695468766779086 35.227811435490665 35.90004442700347 36.069167752883814 35.601558105922884 36.77778456288509 36.04881843312557 35.92885564764835 41.99703152293948 35.93246215685271 26.018512686776823 23.343747000606214 [8.640521358645879e-08,1.017606616977849e-06,6.669833068496764e-08,0.0058314827937474955,1.7845232197613235e-07,1.6135764131661031e-06,1.320113652609881e-07,0.009050858053446239] "[""G140M-F070"",""G140M-F100"",""G235M-F170"",""G395M-F290"",""G140H-F070"",""G140H-F100"",""G235H-F170"",""G395H-F290""]" 0.009050858053446239 nan nan nan nan nan nan
"HIP 33690" 104.99938201904297 -61.33682632446289 18.33 1.5132415616375602e-12 679.6873434637907 18.076895533051186 2.381202739624193 26.153205695818492 0.30881182493076514 129.28323896030284 "HIP 33690 5" Neptunian 68.00646012895649 4.103129715456499 200.0 3.5974747577549278 K1V 0.938690708730868 5250.7063834266155 0.9027821949806296 4.499424176160159 4.99 None 15.313711294441568 18.766325787529855 4.368118374850277 0.9754040590610643 0.6502433853778384 5.0470466149262725 5.284798561016647 4.968828448334196 4.976707146162286 5.3270222099846745 5.538062663670569 5.045542788635801 5.041008459356512 4.974695368771687 4.9468075764921835 32.69753596583238 34.520453137479066 32.92173052482874 32.969505350376245 35.22047302983442 33.11545398694392 22.153630253480415 22.375493479660268 24.707477370903938 24.708085196047133 32.83764541655646 27.550291504184013 27.27390783963341 33.1373037053079 33.20234849862657 36.119454442731076 33.28015062147261 32.44208156207334 33.59546834284779 32.90412155332304 32.68570650802236 34.47320847872941 32.91626647025189 32.88667945753832 39.6924554387838 32.88814234079781 23.713936602621143 21.039170916450534 [3.2089214153543017e-07,3.2912814938288487e-06,4.3799881524499477e-07,0.01967083244155209,5.184157092382568e-07,4.492026343275507e-06,7.953856498023961e-07,0.028905134541828158] "[""G140M-F070"",""G140M-F100"",""G235M-F170"",""G395M-F290"",""G140H-F070"",""G140H-F100"",""G235H-F170"",""G395H-F290""]" 0.028905134541828158 nan nan nan nan nan nan
"HIP 48336" 147.78733825683594 -12.326313018798828 13.71 8.449430297187656e-11 381.2750925034599 5.634789946957746 1.1881503141545657 7.998237161662958 0.3735566774462886 140.72374183966386 "HIP 48336 4" Neptunian 94.12946299887203 4.048467034358362 200.0 3.7502994484869987 M0V 0.5337834646094884 3854.6800562527155 0.2843916023727234 5.2575992070565505 6.129999999999999 None -10.293992802438204 13.309413276586032 4.8723501830288205 1.8094243398375804 0.20905921925383575 6.280641296494718 6.637859926188102 5.87477865904384 6.05243625286564 6.674873386420859 7.05294112160768 6.30810220270467 6.270426141936811 5.889189682324787 5.8233642045000185 32.50243849776127 33.918951284611786 32.846015471354505 32.91207439313798 34.61897117696715 33.16472235469581 21.55216430657919 21.773991626792988 24.10614692194102 24.10658334317986 32.59591123075634 26.95158442058799 26.672405986766137 33.1834215300872 33.3274741637062 35.517952589863796 33.48302655423444 32.16951434775495 32.993966489980515 32.85672554033916 32.483434211304434 33.87170662586214 32.836376220580924 32.717411823251545 39.09095358591652 32.72001994430806 23.112434749753863 20.437669063583254 [3.7171712747092486e-07,4.45785713318428e-06,3.6430097104012806e-07,0.021502809719043385,6.991184386963082e-07,6.704143510546062e-06,6.741288649374781e-07,0.031840019669621716] "[""G140M-F070"",""G140M-F100"",""G235M-F170"",""G395M-F290"",""G140H-F070"",""G140H-F100"",""G235H-F170"",""G395H-F290""]" 0.031840019669621716 nan nan nan nan nan nan
"HIP 83389" 255.6512451171875 47.079803466796875 18.59 1.9647744488717685e-08 121.57114660328531 2.71134816729753 0.9854783966511672 2.584690724100869 0.11823580483071457 43.30508930138892 "HIP 83389 1" Jovian 1991.6590382286872 12.143727387807504 215.08577664656585 4.121666054897251 G8V 0.9192077972294828 5501.092963336511 0.8496448092872572 4.543006509862355 5.0 None -25.433627819303837 4.963738966285607 12.222337009892346 1.9594317461348951 0.1519851889807136 5.044651020410256 5.24186418882882 4.9866399128669165 4.988016957138943 5.280394197318921 5.445057249326311 5.043754614336532 5.04002768096912 4.99072633187477 4.971169991685574 27.08942123032053 30.679978163365686 27.12993276169259 27.249453436194667 31.277780911052343 27.276354059713086 19.268327690132647 19.621084646303263 21.494610794581295 21.501055757405553 27.06409144034982 24.285034996137774 24.06885995150981 27.292957711228883 27.369763829237538 31.85572027739257 27.3878064950229 27.017869293572858 29.755994825778117 27.110127748258023 27.085634567150034 30.632635215814624 27.12596917574256 27.11297625717645 35.413404124371624 27.112954157429805 20.810965725141465 18.331249355981953 [3.1926894849724077e-06,7.980009569315216e-06,5.68197054652953e-06,0.0279177629608702,4.452898595533882e-06,1.23495514990601e-05,1.0432113619261836e-05,0.042531357525331236] "[""G140M-F070"",""G140M-F100"",""G235M-F170"",""G395M-F290"",""G140H-F070"",""G140H-F100"",""G235H-F170"",""G395H-F290""]" 0.042531357525331236 nan nan nan nan nan nan
"HIP 12961" 41.67791748046875 -23.08695411682129 23.01 8.241960408785827e-13 418.0769444992758 9.785454784158837 1.3866160423193774 8.4657856853771 0.25752008951435945 106.33453063744341 "HIP 12961 2" Terran 0.12219544761504313 0.6996584309014232 200.0 2.3884379650322893 M0V 0.6264068896555764 3934.098141087187 0.41407806606272934 5.000759700449963 6.73 None -23.749395721750297 15.666208523511385 7.774892324793928 1.7474623218464844 0.23536433685546662 6.858628355528179 7.218937888647245 6.5559084966883 6.677970869324986 7.261736744047233 7.640864702513528 6.874324347101116 6.84831171184226 6.569188215241912 6.507864079527094 37.01055922705642 38.85536978159466 37.22979403155279 37.39305567471711 39.55538967395002 37.55237364024709 26.48850065712758 26.71041012377586 29.04230922247034 29.043001840162724 37.030732360157316 31.88599411762152 31.608824483749004 37.57716489075054 37.780612044254156 40.45437108684666 37.87762766975041 36.77060761120492 37.93038498696338 37.229626310464795 36.99515435401243 38.808125122845006 37.22002340493692 37.123182673246205 44.02737208289939 37.12459649626102 28.04885324673673 25.37408756056612 [6.731298470231517e-09,7.156080169898548e-08,9.929606134863807e-09,0.000384100242246254,1.2061296453803445e-08,1.0882236380094398e-07,1.8617795806000047e-08,0.0005662483278279949] "[""G140M-F070"",""G140M-F100"",""G235M-F170"",""G395M-F290"",""G140H-F070"",""G140H-F100"",""G235H-F170"",""G395H-F290""]" 0.0005662483278279949 nan nan nan nan nan nan
"HIP 57050" 175.43789672851562 42.75218963623047 11.1 1.228545282133827e-12 1092.9331260800454 12.197538138112698 1.4667366509545796 11.505505163078174 0.1121318257578515 144.93906481211002 "HIP 57050 1" Terran 0.1728372403778537 0.8654510321467566 200.0 2.3543074050379995 M5V 0.44646806197466565 3793.5064935064934 0.10188196258124901 6.071663419827923 6.819999999999999 None -19.50268964633266 3.605507696221155 3.3704346101038953 1.6305007675547576 0.2890422194043212 6.970641296494717 7.3278599261881014 6.5647786590438395 6.742436252865639 7.364873386420858 7.7429411216076796 6.998102202704669 6.960426141936811 6.579189682324786 6.51336420450002 36.284701775360354 36.81061943994717 37.32408317922035 36.82213035207728 37.51063933230253 37.64279006256166 24.443955913423522 24.665659782128365 26.998150244304455 26.998251498515234 37.07397893862219 29.84561822841524 29.564074142101514 37.66148923795305 37.40775025670738 38.40962074519918 37.961094262100296 35.63157124954927 35.885634645315896 37.33479324820501 36.25229832581522 36.76337478119751 37.31444392844678 37.18538265196798 41.9826217412519 37.19808765217391 26.00410290508924 23.32933721891863 [1.2598729755552888e-07,1.538714413576144e-06,5.140050110867972e-08,0.009063021544332327,3.115709151053384e-07,2.893466426473576e-06,1.1424958636290311e-07,0.015426902104567403] "[""G140M-F070"",""G140M-F100"",""G235M-F170"",""G395M-F290"",""G140H-F070"",""G140H-F100"",""G235H-F170"",""G395H-F290""]" 0.015426902104567403 nan nan nan nan nan nan
"HIP 50341" 154.19248962402344 -11.960309982299805 13.64 1.472223262310647e-11 319.39261700740934 13.528241945971999 0.3278741450195066 10.28514016124717 0.6939079869794201 76.17261802011767 "HIP 50341 13" Neptunian 4.863168629892906 2.095547069986867 200.0 3.035479570183586 M0V 0.4808338483058958 3839.195017835037 0.18163101536690826 5.601682637992075 6.46 None -25.958443413540223 10.226965926081387 6.253459887442706 2.737076739901249 0.006908957440192686 6.610641296494718 6.967859926188103 6.20477865904384 6.382436252865641 7.004873386420859 7.38294112160768 6.63810220270467 6.600426141936811 6.219189682324787 6.15336420450002 35.296039482253356 35.33780179683765 38.854203107148976 35.97895594227259 36.03782168919302 39.17290999049028 22.971173213848786 23.19284213901885 25.525427483680467 25.52543385540572 38.604098866550814 28.373471082569832 28.091256498992003 39.19160916588167 36.833216469556476 36.93680310208966 39.49121419002892 34.39505949977352 34.41281700220638 38.86491317613363 35.25034743639655 35.290557138088005 38.8445638563754 38.5362751498912 40.50980409814238 38.728207580102534 24.531285261979725 21.85651957580912 [8.083874019721282e-08,1.051538990526408e-06,2.5076461889582026e-08,0.004830440793920567,1.5916384971111803e-07,1.5771235419787517e-06,4.618908682985855e-08,0.007104669122865207] "[""G140M-F070"",""G140M-F100"",""G235M-F170"",""G395M-F290"",""G140H-F070"",""G140H-F100"",""G235H-F170"",""G395H-F290""]" 0.007104669122865207 nan nan nan nan nan nan
"HIP 97051" 295.8551025390625 10.089264869689941 23.11 8.64593412863172e-10 189.40285824715514 4.634501019962263 1.2359469885841607 3.8514271230477712 0.2033204923636901 160.79269252048326 "HIP 97051 10" Neptunian 21.77062317640987 5.430718925642466 200.0 2.85931129097889 M0V 0.6036716978767958 4139.397455562468 0.42734800006423135 4.957305090763107 6.800000000000001 None 23.107536263951665 18.5532247091287 3.879583028718831 1.6791220605683486 0.26611500867104865 6.909004196184868 7.262314477303518 6.696772972592803 6.770074000119979 7.30996130987619 7.67590456321193 6.915515423889163 6.8990290624754085 6.708354428855787 6.654330905142091 30.940934520721207 34.41493014512475 30.986134124750613 31.269865262232905 35.11495003748011 31.301784955434254 22.04712651326526 22.269970487305947 24.59906668989408 24.602562203692813 30.831347225644087 27.423953446226527 27.16838484727909 31.33149461925936 31.60038426296285 36.01393145037675 31.619232896458822 30.873137361748412 33.48994535049347 30.977213227418545 30.93158006328607 34.36768548637509 30.97668595498426 30.900105918066135 39.58693244642947 30.900004866074482 23.608413610266823 20.933647924096206 [2.0440081824101833e-07,6.96876308726509e-07,4.2458045236202263e-07,0.004617703871746727,3.0428026231642686e-07,1.065779356445598e-06,7.847386106720545e-07,0.006733239573608316] "[""G140M-F070"",""G140M-F100"",""G235M-F170"",""G395M-F290"",""G140H-F070"",""G140H-F100"",""G235H-F170"",""G395H-F290""]" 0.006733239573608316 nan nan nan nan nan nan
