sim_data/Simulated_table/Simulated_Pull_ERIS_BT-Settl+PICASO.ecsv
# %ECSV 1.0
# ---
# datatype:
# - {name: StarName, datatype: string}
# - {name: RA, datatype: float64}
# - {name: Dec, datatype: float64}
# - {name: Distance, unit: pc, datatype: float64}
# - {name: Flux Ratio, datatype: float64}
# - {name: AngSep, unit: mas, datatype: float64}
# - {name: ProjAU, unit: AU, datatype: float64}
# - {name: Phase, unit: rad, datatype: float64}
# - {name: SMA, unit: AU, datatype: float64}
# - {name: Ecc, datatype: float64}
# - {name: Inc, unit: deg, datatype: float64}
# - {name: PlanetName, datatype: string}
# - {name: PlanetType, datatype: string}
# - {name: PlanetMass, unit: earthMass, datatype: float64}
# - {name: PlanetRadius, unit: earthRad, datatype: float64}
# - {name: PlanetTeq, unit: K, datatype: float64}
# - {name: PlanetLogg, unit: dex(cm / s2), datatype: float64}
# - {name: StarSpT, datatype: string}
# - {name: StarMass, unit: solMass, datatype: float64}
# - {name: StarTeff, unit: K, datatype: float64}
# - {name: StarRad, unit: solRad, datatype: float64}
# - {name: StarLogg, unit: dex(cm / s2), datatype: float64}
# - {name: StarKmag, datatype: float64}
# - {name: DiscoveryMethod, datatype: string}
# - {name: StarRadialVelocity, unit: km / s, datatype: float64}
# - {name: StarVsini, unit: km / s, datatype: float64}
# - {name: DeltaRadialVelocity, unit: km / s, datatype: float64}
# - {name: alpha, datatype: float64}
# - {name: g_alpha, datatype: float64}
# - {name: StarINSTRUmag(HARMONI), datatype: float64}
# - {name: StarINSTRUmag(ERIS), datatype: float64}
# - {name: StarINSTRUmag(MIRIMRS), datatype: float64}
# - {name: StarINSTRUmag(NIRCam), datatype: float64}
# - {name: StarJmag, datatype: float64}
# - {name: StarHmag, datatype: float64}
# - {name: StarHKmag, datatype: float64}
# - {name: StarCHANNEL1mag, datatype: float64}
# - {name: StarCHANNEL2mag, datatype: float64}
# - {name: PlanetINSTRUmag(HARMONI)(thermal+reflected), datatype: float64}
# - {name: PlanetINSTRUmag(HARMONI)(thermal), datatype: float64}
# - {name: PlanetINSTRUmag(HARMONI)(reflected), datatype: float64}
# - {name: PlanetINSTRUmag(ERIS)(thermal+reflected), datatype: float64}
# - {name: PlanetINSTRUmag(ERIS)(thermal), datatype: float64}
# - {name: PlanetINSTRUmag(ERIS)(reflected), datatype: float64}
# - {name: PlanetINSTRUmag(MIRIMRS)(thermal+reflected), datatype: float64}
# - {name: PlanetINSTRUmag(MIRIMRS)(thermal), datatype: float64}
# - {name: PlanetINSTRUmag(NIRCam)(thermal+reflected), datatype: float64}
# - {name: PlanetINSTRUmag(NIRCam)(thermal), datatype: float64}
# - {name: PlanetINSTRUmag(NIRCam)(reflected), datatype: float64}
# - {name: PlanetJmag(thermal+reflected), datatype: float64}
# - {name: PlanetJmag(thermal), datatype: float64}
# - {name: PlanetJmag(reflected), datatype: float64}
# - {name: PlanetHmag(thermal+reflected), datatype: float64}
# - {name: PlanetHmag(thermal), datatype: float64}
# - {name: PlanetHmag(reflected), datatype: float64}
# - {name: PlanetHKmag(thermal+reflected), datatype: float64}
# - {name: PlanetHKmag(thermal), datatype: float64}
# - {name: PlanetHKmag(reflected), datatype: float64}
# - {name: PlanetKmag(thermal+reflected), datatype: float64}
# - {name: PlanetKmag(thermal), datatype: float64}
# - {name: PlanetKmag(reflected), datatype: float64}
# - {name: PlanetCHANNEL1mag(thermal), datatype: float64}
[...]
#     StarTeff:
#       __class__: astropy.units.quantity.Quantity
#       unit: *id002
#       value: !astropy.table.SerializedColumn {name: StarTeff}
#     StarVsini:
#       __class__: astropy.units.quantity.Quantity
#       unit: !astropy.units.Unit {unit: km / s}
#       value: !astropy.table.SerializedColumn {name: StarVsini}
# schema: astropy-2.0
StarName RA Dec Distance "Flux Ratio" AngSep ProjAU Phase SMA Ecc Inc PlanetName PlanetType PlanetMass PlanetRadius PlanetTeq PlanetLogg StarSpT StarMass StarTeff StarRad StarLogg StarKmag DiscoveryMethod StarRadialVelocity StarVsini DeltaRadialVelocity alpha g_alpha StarINSTRUmag(HARMONI) StarINSTRUmag(ERIS) StarINSTRUmag(MIRIMRS) StarINSTRUmag(NIRCam) StarJmag StarHmag StarHKmag StarCHANNEL1mag StarCHANNEL2mag PlanetINSTRUmag(HARMONI)(thermal+reflected) PlanetINSTRUmag(HARMONI)(thermal) PlanetINSTRUmag(HARMONI)(reflected) PlanetINSTRUmag(ERIS)(thermal+reflected) PlanetINSTRUmag(ERIS)(thermal) PlanetINSTRUmag(ERIS)(reflected) PlanetINSTRUmag(MIRIMRS)(thermal+reflected) PlanetINSTRUmag(MIRIMRS)(thermal) PlanetINSTRUmag(NIRCam)(thermal+reflected) PlanetINSTRUmag(NIRCam)(thermal) PlanetINSTRUmag(NIRCam)(reflected) PlanetJmag(thermal+reflected) PlanetJmag(thermal) PlanetJmag(reflected) PlanetHmag(thermal+reflected) PlanetHmag(thermal) PlanetHmag(reflected) PlanetHKmag(thermal+reflected) PlanetHKmag(thermal) PlanetHKmag(reflected) PlanetKmag(thermal+reflected) PlanetKmag(thermal) PlanetKmag(reflected) PlanetCHANNEL1mag(thermal) PlanetCHANNEL2mag(thermal) SNR_band name_band SNR_INSTRU SNR_J SNR_H SNR_HK SNR_K SNR_CHANNEL1 SNR_CHANNEL2
[from data line 1112]
"HIP 92283" 282.1214599609375 10.746512413024902 16.86 3.9332722981870156e-14 93.88890563527077 7.086081199092147 2.9163006192707495 5.267294981391237 0.6608813023477262 78.00147045280178 "HIP 92283 10" Neptunian 4.1048452532574204 2.316872129259885 200.0 2.874647740934165 K0V 0.829528427384036 4536.545582559668 0.6672106954807615 4.708372901926241 5.33 None -0.6311779181802528 10.090533148242427 11.56178576401891 0.3063723531680212 0.9564566503637892 5.409788958812948 5.722590474103775 5.296144418568828 5.317085102940183 6.077827837241085 5.407639139930001 5.401252532034782 5.305114268038676 5.26285613170968 30.61565720716419 35.579994572202494 30.626935492515187 30.89331092322411 36.28001446455785 30.900143918703108 23.20896466593181 23.435034914383692 25.754079642894002 25.767626630770557 30.52055003853161 31.157172199557586 37.1789958774545 31.16192666410288 30.58197795657187 34.655009777571216 30.609386943846403 30.60923567958457 35.53274991345284 30.618920534893252 30.57035320467747 40.751996873507224 30.569929329242058 24.773478037344564 22.098712351173955 [7.118482839240397e-07,1.3667147196214502e-06,1.336067174884575e-06,5.94146382249171e-07,6.799116554786839e-07,5.621697103832669e-07,1.2331469705088218e-06,1.2703530326805794e-06,1.0642566644938628e-06,1.1526289231918328e-06,1.330244570886988e-06,1.2929505872109537e-06] "[""J_low"",""H_low"",""K_low"",""J_short"",""J_middle"",""J_long"",""H_short"",""H_middle"",""H_long"",""K_short"",""K_middle"",""K_long""]" 1.3667147196214502e-06 7.118482839240397e-07 1.3667147196214502e-06 nan 1.336067174884575e-06 nan nan
"HIP 57757" 177.67202758789062 1.7653770446777344 10.93 1.3549461249393205e-09 179.5250808177442 1.9659319058512559 1.5092456874222684 1.5169537570302505 0.33693778845481526 112.16155775538822 "HIP 57757 4" Neptunian 67.52956057267292 3.7566104925217685 446.6837970723438 3.6710566712744654 F9V 1.290022992436099 6299.551258613002 1.640049367018581 4.118951236393453 2.33 None 17.221916473066877 14.210522674951342 25.43951863692562 1.6277947160304904 0.2903427657998688 2.361540303382434 2.5077770060648215 2.3240749794153133 2.3220339479557865 2.6528802325818486 2.3625667115837743 2.3584712798403378 2.3253081078996978 2.3192099151452226 23.060315215876898 23.21693605366093 25.239871364187756 22.721033310400557 22.84031785594589 25.31907889958509 16.733415884965392 17.120744723479916 19.678807512742303 19.684334487153706 25.414661992815756 22.341475338343805 22.435212363658366 25.330787332449734 22.562943175077525 22.666458628503925 25.20389004741766 23.020036753974793 23.174060076188905 25.233098013655052 22.976261106151505 23.11028470421566 25.300563043283457 18.063740200145844 15.927865089235947 [0.028408112888071137,0.015728792071436303,0.004053303809284729,0.014355329631491135,0.030522157527476827,0.027222264251029138,0.01835593333086495,0.01326067849769172,0.0008720882307494596,0.004628969116247709,0.003234554689277015,0.0008795309986926165] "[""J_low"",""H_low"",""K_low"",""J_short"",""J_middle"",""J_long"",""H_short"",""H_middle"",""H_long"",""K_short"",""K_middle"",""K_long""]" 0.030522157527476827 0.030522157527476827 0.01835593333086495 nan 0.004628969116247709 nan nan
"HIP 105712" 321.1684265136719 -68.2282485961914 20.42 1.3190787414979783e-11 1954.0493684049295 41.56019178932805 1.287337895448889 33.671841303499676 0.4801650150471134 57.18388442740638 "HIP 105712 6" Neptunian 103.63455623390234 8.480391449931313 200.0 3.149827875043482 G5V 0.9042905102270802 5534.196696466729 0.8333022286169746 4.552770513967071 5.210000000000001 None 11.86732352658619 14.401529073926865 4.102813538003559 1.8080613354802284 0.20962119323326864 5.2546510204102574 5.451864188828822 5.196639912866918 5.198016957138945 5.655057249326312 5.2537546143365335 5.25002768096912 5.2007263318747725 5.181169991685576 32.49931041443992 33.17841623830282 33.33068921679573 32.90919643756489 33.87843613065818 33.481429812646425 20.81175128664972 21.03345658048402 23.365928622203214 23.366048296870893 33.260293683502326 33.281075755576936 34.77741754355483 33.598648167216034 31.90593100208624 32.253431443671545 33.313282687342024 32.47282383802272 33.13117157955317 33.32668119073974 33.30008409681352 38.35041853960755 33.30988155749562 22.371899703444896 19.697134017274287 [4.774571229306247e-06,3.8122865667844704e-05,8.019056870136761e-07,4.451051445081651e-07,4.3988948686009275e-06,4.437088412062047e-06,3.701732651068651e-05,3.718210113241485e-05,1.0273886954611483e-06,6.662345822891888e-07,7.408743804145557e-07,6.926183143137148e-07] "[""J_low"",""H_low"",""K_low"",""J_short"",""J_middle"",""J_long"",""H_short"",""H_middle"",""H_long"",""K_short"",""K_middle"",""K_long""]" 3.8122865667844704e-05 4.774571229306247e-06 3.8122865667844704e-05 nan 8.019056870136761e-07 nan nan
"HIP 53253" 163.37319946289062 -58.85326385498047 29.13 1.234928193573178e-12 158.0281490965915 8.740767658705442 0.5546596068749109 6.758893788082998 0.32284847364057945 118.13230120967883 "HIP 53253 9" Terran 0.2981246905899916 0.731901009485896 330.6806027897036 2.7366483352786926 K1III 2.039967276936793 4866.084384156673 6.711772076782483 3.0940164283092164 1.5799999999999996 None -18.304184499401938 6.111574662726362 14.430029684230133 2.4183329577212307 0.0380821158028766 1.6518916742056422 1.9382805794108757 1.5455432914725797 1.5700912388329156 2.256444901199573 1.6503462106440638 1.643694079458037 1.5565987908244359 1.504761420948797 31.624068264982267 31.840286040311888 33.482465956311046 31.095415229156988 31.216726064037807 33.7198253446811 23.814357403175016 23.898004273118477 27.177593076217335 27.18079526982415 33.504885614142324 30.647039048552074 30.725742788557312 33.906376967039435 30.96657841716631 31.10392765051965 33.456401268358604 31.57205576090995 31.79559950142451 33.472539572815535 32.047979202769405 32.38219103548786 33.471158046916784 25.275613625822725 22.550400144050347 [1.4295825190004147e-05,7.05850281287522e-06,6.098206436003655e-07,8.026380062325449e-06,1.573881011699766e-05,1.3655794660125853e-05,8.28413140646053e-06,5.458291376040147e-06,8.477112399939695e-08,7.077604409893745e-07,4.5512550378369777e-07,1.3390059159429007e-07] "[""J_low"",""H_low"",""K_low"",""J_short"",""J_middle"",""J_long"",""H_short"",""H_middle"",""H_long"",""K_short"",""K_middle"",""K_long""]" 1.573881011699766e-05 1.573881011699766e-05 8.28413140646053e-06 nan 7.077604409893745e-07 nan nan
"HIP 69090" 212.11544799804688 -74.85072326660156 28.5 6.855218075011094e-10 85.78630293809566 2.4831673567365677 1.7465606535753238 2.230653191564298 0.1241939814722105 67.7755355389422 "HIP 69090 6" Neptunian 27.428297038362114 3.487290349170751 339.92467593831435 3.3443777102026537 G2IV 1.207321073560953 6046.972924424451 1.5157403049376872 4.15864081041479 4.58 None 1.7254724161301453 4.841838141894805 20.28513282629902 1.408210783945244 0.4034243301914911 4.614662220174541 4.776823832560603 4.574771033114859 4.571571579830776 4.93948299666579 4.614896174401183 4.611130307991442 4.576771000458439 4.567028326931144 27.27789111391108 27.981198130172817 28.082076444188008 26.98044262901703 27.42896858204492 28.187782792655113 20.317122508942248 20.804557840406595 22.837890427458785 22.84608806274114 28.147075985111385 26.649294720606875 26.957106268274103 28.23202138094358 26.74854073041294 27.14635954630137 28.05528256646891 27.248118269237974 27.935841273377882 28.076635040318155 27.795876454519583 29.266401893930713 28.11415830344055 21.871641972459628 19.56414119232803 [0.0003966838067033304,0.0002554299991400355,1.859565858707953e-05,0.0001671170896052088,0.0004103675986582419,0.00037607135314950845,0.00029453518859788797,0.00024139447248796225,9.677776215715033e-06,1.9078970329780903e-05,1.486092776827319e-05,9.829939053103854e-06] "[""J_low"",""H_low"",""K_low"",""J_short"",""J_middle"",""J_long"",""H_short"",""H_middle"",""H_long"",""K_short"",""K_middle"",""K_long""]" 0.0004103675986582419 0.0004103675986582419 0.00029453518859788797 nan 1.9078970329780903e-05 nan nan
"HIP 89490" 273.9317321777344 18.939807891845703 22.72 4.815028651558818e-13 91.66739309060604 4.7304836025374914 2.6856949006611006 5.494973911120928 0.5391047797282501 70.91480191883163 "HIP 89490 7" Terran 1.188346202159854 1.6141924339033582 200.0 2.650187449835575 M2V 0.5384671433406777 3778.5271011150085 0.339327635731544 5.107988373253333 6.94 None -16.846065257698182 17.33868341829321 8.81126984616157 0.5576264841809846 0.866345263080862 7.090641296494718 7.447859926188103 6.6847786590438405 6.86243625286564 7.8629411216076806 7.11810220270467 7.080426141936812 6.699189682324787 6.633364204500021 33.25921257361725 37.01248214555169 33.29399455487249 33.5889114316858 37.71250203790704 33.6127014382138 24.644019312855555 24.867522487732888 27.195134339661173 27.200114204119753 33.04389031427433 33.91664667519933 38.61148345080369 33.931005637752435 33.222106331309234 36.08749735092041 33.304704623857155 33.24962428533903 36.96523748680203 33.284355304098916 33.1681940022975 42.184484446856416 33.16799902782605 26.205965610693763 23.53119992452315 [1.4361349130599606e-07,4.260871008922075e-07,2.5658168262432093e-07,1.0979064632975405e-07,1.3435195237567745e-07,1.1140384458879371e-07,4.045339403143684e-07,4.109621972399999e-07,1.9633205706999368e-07,2.1182833363648591e-07,2.5699780753689556e-07,2.460872452922065e-07] "[""J_low"",""H_low"",""K_low"",""J_short"",""J_middle"",""J_long"",""H_short"",""H_middle"",""H_long"",""K_short"",""K_middle"",""K_long""]" 4.260871008922075e-07 1.4361349130599606e-07 4.260871008922075e-07 nan 2.5699780753689556e-07 nan nan
"HIP 17544 A" 56.34967041015625 -27.86281967163086 21.57 5.330390843389906e-10 75.12834208814222 1.901310401006499 2.1211940703778254 1.7415014479644828 0.5277706309505962 31.6896969108781 "HIP 17544 A" Neptunian 52.16608648135063 4.0263466515085495 203.53515948650832 3.4987210127958726 K2V 0.7971929794952406 4742.7381778526815 0.6896803173541649 4.662335428872161 5.57 None 27.469783907910703 15.026801058750038 10.587134122903903 1.292460967267046 0.467779664179905 5.641724289665565 5.92651079321305 5.538917347578547 5.555083380446976 6.24211222582956 5.640038102465775 5.634103798916894 5.546730007075253 5.509821468868536 28.03012523284802 34.91491195710901 28.032040337869315 28.27496685661537 35.61493184946437 28.275575612089416 22.522636715617015 22.76995229929021 25.025184625830494 25.102544015677076 27.93166287843721 28.498107590863782 36.51391326236102 28.49956055284844 28.0087231852144 33.989927162477734 28.014664049017725 28.025020799030887 34.86766729835936 28.024958358274983 27.983907935971168 40.08691425841374 27.98338306456077 24.108395422251085 21.433629736080473 [7.783861506216298e-06,1.3617918818386496e-05,1.4241467653864435e-05,6.587898343589954e-06,7.420587513939145e-06,6.196053171903243e-06,1.229406635636888e-05,1.2526458227274474e-05,1.1232517769486465e-05,1.2289561607011601e-05,1.396302098108945e-05,1.3682047643275403e-05] "[""J_low"",""H_low"",""K_low"",""J_short"",""J_middle"",""J_long"",""H_short"",""H_middle"",""H_long"",""K_short"",""K_middle"",""K_long""]" 1.4241467653864435e-05 7.783861506216298e-06 1.3617918818386496e-05 nan 1.4241467653864435e-05 nan nan
"HIP 46626" 142.61721801757812 -32.10416793823242 19.31 9.437861276232076e-11 117.04054453299239 2.266747011281688 1.6476680095774534 2.2513904116743664 0.21498297001721306 174.19750124474237 "HIP 46626 6" Terran 0.9990027687426236 1.0703957437954177 200.0 2.9316330267461916 K4V 0.7990213831937042 4766.876781934012 0.5730208291601451 4.82428521174922 5.8100000000000005 None -29.4577856481208 11.71270407541249 1.7938970892314663 1.5630321977509625 0.322201505688883 5.8817242896655655 6.166510793213051 5.778917347578547 5.795083380446976 6.48211222582956 5.880038102465777 5.874103798916895 5.786730007075254 5.749821468868536 32.10407859399308 37.551406548213876 32.11129357738734 32.3507290524206 38.25142644056923 32.35482885160744 25.177929593620835 25.40644689039507 27.71801238290626 27.739038606781943 32.01091611795523 32.57547842434055 39.15040785346588 32.57881379236647 32.07583464071679 36.6264217535826 32.093917288535756 32.098765546530586 37.50416188946422 32.10421159779301 32.06311772547646 42.723408849518606 32.062636304078794 26.744890013355946 24.07012432718534 [4.6345683319881287e-07,8.200461225738204e-07,8.411008731345445e-07,3.6574260692176065e-07,4.331459324827048e-07,3.714412920500497e-07,7.229020680949129e-07,7.354109214490794e-07,6.540652515434922e-07,6.976682594917476e-07,8.153437646726902e-07,7.883089401985291e-07] "[""J_low"",""H_low"",""K_low"",""J_short"",""J_middle"",""J_long"",""H_short"",""H_middle"",""H_long"",""K_short"",""K_middle"",""K_long""]" 8.411008731345445e-07 4.6345683319881287e-07 8.200461225738204e-07 nan 8.411008731345445e-07 nan nan
"HIP 55210" 169.5897674560547 -5.066936016082764 21.57 4.6957762751131286e-14 502.3337275431172 24.431166016718933 2.682087367110944 24.781518867029778 0.07791490422535823 91.88325068253921 "HIP 55210 3" Neptunian 3.295739044408063 2.1384747167113725 200.0 2.8488996591676403 G8V 0.9080602239079703 5404.26756361682 0.8226828556477028 4.5657173860515625 5.4 None 6.334334960203741 8.135429511516367 5.698416686896194 0.46059563496854006 0.9059374564845749 5.451369404126076 5.6680269002187895 5.379908116954514 5.385609831436961 5.8947265173405095 5.450667426531033 5.446066698576554 5.384943478165027 5.360936254219687 34.107739368727586 36.288947172866116 34.26410413343173 34.337014578503094 36.98896706522147 34.435446367030245 23.922030764372437 24.14398751504731 26.47568310321529 26.47657923143418 34.18451655298739 34.52383806053753 37.88794847811812 34.57492927607257 33.91405964159783 35.36396237823483 34.24707351183824 34.09881231541534 36.241702514116454 34.25939627549196 34.23561250732446 41.46094947417084 34.23639914130216 25.482430638008186 22.80766495183758 [3.741554830767233e-07,2.4005449618228587e-06,3.5841624178790616e-07,1.6516400570853282e-07,3.338986014168912e-07,3.244067450074807e-07,2.3020850980627095e-06,2.3159345213096654e-06,2.8299023551022144e-07,2.827785284642541e-07,3.193411902169535e-07,2.9981848186268844e-07] "[""J_low"",""H_low"",""K_low"",""J_short"",""J_middle"",""J_long"",""H_short"",""H_middle"",""H_long"",""K_short"",""K_middle"",""K_long""]" 2.4005449618228587e-06 3.741554830767233e-07 2.4005449618228587e-06 nan 3.5841624178790616e-07 nan nan
