sim_data/Simulated_table/Simulated_Pull_HARMONI_NO_SP_JQ1_BT-Settl+PICASO.ecsv
# %ECSV 1.0
# ---
# datatype:
# - {name: StarName, datatype: string}
# - {name: RA, datatype: float64}
# - {name: Dec, datatype: float64}
# - {name: Distance, unit: pc, datatype: float64}
# - {name: Flux Ratio, datatype: float64}
# - {name: AngSep, unit: mas, datatype: float64}
# - {name: ProjAU, unit: AU, datatype: float64}
# - {name: Phase, unit: rad, datatype: float64}
# - {name: SMA, unit: AU, datatype: float64}
# - {name: Ecc, datatype: float64}
# - {name: Inc, unit: deg, datatype: float64}
# - {name: PlanetName, datatype: string}
# - {name: PlanetType, datatype: string}
# - {name: PlanetMass, unit: earthMass, datatype: float64}
# - {name: PlanetRadius, unit: earthRad, datatype: float64}
# - {name: PlanetTeq, unit: K, datatype: float64}
# - {name: PlanetLogg, unit: dex(cm / s2), datatype: float64}
# - {name: StarSpT, datatype: string}
# - {name: StarMass, unit: solMass, datatype: float64}
# - {name: StarTeff, unit: K, datatype: float64}
# - {name: StarRad, unit: solRad, datatype: float64}
# - {name: StarLogg, unit: dex(cm / s2), datatype: float64}
# - {name: StarKmag, datatype: float64}
# - {name: DiscoveryMethod, datatype: string}
# - {name: StarRadialVelocity, unit: km / s, datatype: float64}
# - {name: StarVsini, unit: km / s, datatype: float64}
# - {name: DeltaRadialVelocity, unit: km / s, datatype: float64}
# - {name: alpha, datatype: float64}
# - {name: g_alpha, datatype: float64}
# - {name: StarINSTRUmag(HARMONI), datatype: float64}
# - {name: StarINSTRUmag(ERIS), datatype: float64}
# - {name: StarINSTRUmag(MIRIMRS), datatype: float64}
# - {name: StarINSTRUmag(NIRCam), datatype: float64}
# - {name: StarJmag, datatype: float64}
# - {name: StarHmag, datatype: float64}
# - {name: StarHKmag, datatype: float64}
# - {name: StarCHANNEL1mag, datatype: float64}
# - {name: StarCHANNEL2mag, datatype: float64}
# - {name: PlanetINSTRUmag(HARMONI)(thermal+reflected), datatype: float64}
# - {name: PlanetINSTRUmag(HARMONI)(thermal), datatype: float64}
# - {name: PlanetINSTRUmag(HARMONI)(reflected), datatype: float64}
# - {name: PlanetINSTRUmag(ERIS)(thermal+reflected), datatype: float64}
# - {name: PlanetINSTRUmag(ERIS)(thermal), datatype: float64}
# - {name: PlanetINSTRUmag(ERIS)(reflected), datatype: float64}
# - {name: PlanetINSTRUmag(MIRIMRS)(thermal+reflected), datatype: float64}
# - {name: PlanetINSTRUmag(MIRIMRS)(thermal), datatype: float64}
# - {name: PlanetINSTRUmag(NIRCam)(thermal+reflected), datatype: float64}
# - {name: PlanetINSTRUmag(NIRCam)(thermal), datatype: float64}
# - {name: PlanetINSTRUmag(NIRCam)(reflected), datatype: float64}
# - {name: PlanetJmag(thermal+reflected), datatype: float64}
# - {name: PlanetJmag(thermal), datatype: float64}
# - {name: PlanetJmag(reflected), datatype: float64}
# - {name: PlanetHmag(thermal+reflected), datatype: float64}
# - {name: PlanetHmag(thermal), datatype: float64}
# - {name: PlanetHmag(reflected), datatype: float64}
# - {name: PlanetHKmag(thermal+reflected), datatype: float64}
# - {name: PlanetHKmag(thermal), datatype: float64}
# - {name: PlanetHKmag(reflected), datatype: float64}
# - {name: PlanetKmag(thermal+reflected), datatype: float64}
# - {name: PlanetKmag(thermal), datatype: float64}
# - {name: PlanetKmag(reflected), datatype: float64}
# - {name: PlanetCHANNEL1mag(thermal), datatype: float64}
[...]
#     StarTeff:
#       __class__: astropy.units.quantity.Quantity
#       unit: *id002
#       value: !astropy.table.SerializedColumn {name: StarTeff}
#     StarVsini:
#       __class__: astropy.units.quantity.Quantity
#       unit: !astropy.units.Unit {unit: km / s}
#       value: !astropy.table.SerializedColumn {name: StarVsini}
# schema: astropy-2.0
StarName RA Dec Distance "Flux Ratio" AngSep ProjAU Phase SMA Ecc Inc PlanetName PlanetType PlanetMass PlanetRadius PlanetTeq PlanetLogg StarSpT StarMass StarTeff StarRad StarLogg StarKmag DiscoveryMethod StarRadialVelocity StarVsini DeltaRadialVelocity alpha g_alpha StarINSTRUmag(HARMONI) StarINSTRUmag(ERIS) StarINSTRUmag(MIRIMRS) StarINSTRUmag(NIRCam) StarJmag StarHmag StarHKmag StarCHANNEL1mag StarCHANNEL2mag PlanetINSTRUmag(HARMONI)(thermal+reflected) PlanetINSTRUmag(HARMONI)(thermal) PlanetINSTRUmag(HARMONI)(reflected) PlanetINSTRUmag(ERIS)(thermal+reflected) PlanetINSTRUmag(ERIS)(thermal) PlanetINSTRUmag(ERIS)(reflected) PlanetINSTRUmag(MIRIMRS)(thermal+reflected) PlanetINSTRUmag(MIRIMRS)(thermal) PlanetINSTRUmag(NIRCam)(thermal+reflected) PlanetINSTRUmag(NIRCam)(thermal) PlanetINSTRUmag(NIRCam)(reflected) PlanetJmag(thermal+reflected) PlanetJmag(thermal) PlanetJmag(reflected) PlanetHmag(thermal+reflected) PlanetHmag(thermal) PlanetHmag(reflected) PlanetHKmag(thermal+reflected) PlanetHKmag(thermal) PlanetHKmag(reflected) PlanetKmag(thermal+reflected) PlanetKmag(thermal) PlanetKmag(reflected) PlanetCHANNEL1mag(thermal) PlanetCHANNEL2mag(thermal) SNR_band name_band SNR_INSTRU SNR_J SNR_H SNR_HK SNR_K SNR_CHANNEL1 SNR_CHANNEL2
[from data line 1057]
"HIP 63833" 196.24261474609375 -52.44099044799805 15.87 9.42055393162909e-13 512.1576710725402 10.559355006259077 2.263161223832157 10.952572730478696 0.03621784373637383 61.31439994216191 "HIP 63833 13" Neptunian 7.110397360684922 1.6179838430792735 200.0 3.425100592670199 K5V 0.6591153281240105 3983.407818476451 0.47964880961898804 4.895182296869324 5.65 None -0.9710003291071061 3.2868586687468015 6.409947724371711 0.9763967009950659 0.6496766526875649 5.778628355528179 6.138937888647246 5.4759084966883 5.597970869324986 6.560864702513527 5.794324347101116 5.768311711842259 5.489188215241913 5.427864079527093 33.67862576276639 36.228230778298666 33.78620636190335 34.03075989337497 36.92825067065402 34.10878597059765 23.861089394953034 24.083271120479868 26.414394188536892 26.415862836866737 33.58714469050788 34.38736555569764 37.82723208355067 34.43404000010097 33.544625811656644 35.30324598366739 33.786038640815356 33.665371409637 36.18098611954901 33.77643573528748 33.68060841947221 41.4002330796034 33.68100882661158 25.421714243440743 22.74694855727013 [4.353818755854977e-05,5.920242014176674e-05,5.828432083049368e-05,1.8366861117702165e-05,1.2628546799186792e-05,1.8597984129377567e-05] "[""HK"",""H"",""H_high"",""K"",""K1_high"",""K2_high""]" 5.920242014176674e-05 nan 5.920242014176674e-05 4.353818755854977e-05 1.8597984129377567e-05 nan nan
"HIP 51271" 157.09800720214844 -51.70518112182617 23.96 1.0921918211985168e-13 151.96863458522773 8.638722653542517 2.7065006314987783 10.239038673567988 0.16133666245494527 65.24142058725617 "HIP 51271 3" Terran 1.625173383771919 1.242808650626637 200.0 3.013246247988358 K4V 0.7730194740836717 4625.809668053836 0.5780524974764598 4.802323498412682 6.36 None 24.465888345798284 18.3181659771412 7.4316362635628845 0.603285977714764 0.8459357294778193 6.439788958812949 6.752590474103775 6.326144418568829 6.347085102940184 7.107827837241087 6.437639139930002 6.431252532034782 6.335114268038677 6.292856131709681 34.52745386843036 37.69562977803312 34.58610200187866 34.81829384468342 38.39564967038848 34.85931042806658 25.328196080196363 25.55067012021432 27.880769286881154 27.883261836601186 34.47971654789508 35.09809457783031 39.294631083285125 35.12109317346634 34.432936726947425 36.770644983401844 34.56855345320987 34.517620347167785 37.64838511928347 34.578087044256726 34.529126272493485 42.86763207933785 34.52909583860552 26.889113243175196 24.214347557004583 [1.0392875382278988e-05,1.3755565049359568e-05,1.3254556997135081e-05,5.20668718526445e-06,3.5116161061778762e-06,5.275787117744352e-06] "[""HK"",""H"",""H_high"",""K"",""K1_high"",""K2_high""]" 1.3755565049359568e-05 nan 1.3755565049359568e-05 1.0392875382278988e-05 5.275787117744352e-06 nan nan
"HIP 4067" 13.038921356201172 6.803063869476318 27.51 2.5630158214692334e-12 321.52495877493004 12.288725470594473 2.338110486082941 13.27451666440226 0.17900501334951724 55.30050285135199 "HIP 4067 2" Neptunian 30.73360172960257 3.3835525797550767 200.0 3.420022681552157 K7V 0.5171324911157487 3839.195017835037 0.2534347893438278 5.343936990700303 8.110000000000001 None 7.857436291265678 13.31003698156227 4.833636360134537 0.9633900551469335 0.6570926946768934 8.26064129649472 8.617859926188103 7.854778659043841 8.032436252865642 9.032941121607681 8.288102202704671 8.250426141936813 7.869189682324789 7.8033642045000216 34.63156836207379 35.82080535037336 35.072332769607534 35.06259221838761 36.520825242728726 35.39103965294884 23.454059893333806 23.675845692554564 26.008113708620286 26.008437408941433 34.822228529009365 35.505142323552136 37.41980665562537 35.70934385248747 34.23192063736753 34.89582055574209 35.08304283859219 34.60927738663522 35.77356069162371 35.06269351883395 34.94268198328314 40.99280765167809 34.94633724256109 25.01428881551544 22.339523129344833 [0.00022262802746143487,0.00029520695586502727,0.00027016229613130975,1.4408413246602946e-05,8.6711643557574e-06,1.2440955917740351e-05] "[""HK"",""H"",""H_high"",""K"",""K1_high"",""K2_high""]" 0.00029520695586502727 nan 0.00029520695586502727 0.00022262802746143487 1.4408413246602946e-05 nan nan
"HIP 117946" 358.86029052734375 22.19364356994629 25.58 4.4821552056576254e-13 634.8500466902359 16.408281835017693 1.427225759196916 14.515509883617854 0.15451137932611633 54.084086945159484 "HIP 117946 9" Terran 0.4304716523195201 0.8913344074883502 200.0 2.725018296110787 K0V 0.7315417548148531 4695.226277390441 0.6359800215387716 4.695419800892359 6.199999999999999 None -20.041420365258674 5.41638634057279 5.415230064220433 1.6869329316409245 0.2625114335002145 6.279788958812947 6.5925904741037735 6.166144418568828 6.187085102940183 6.947827837241086 6.277639139930001 6.271252532034781 6.175114268038676 6.13285613170968 36.909813579009054 38.55951638986676 37.1762584062121 37.26170666082663 39.259536282222115 37.44946683240002 26.1927254348953 26.41455673204796 28.746639665240274 28.747148448434828 37.06987295222852 37.602866815575204 40.15851769511877 37.71124957779979 36.61726099245663 37.63453159523549 37.158709857543315 36.893370252932264 38.5122717311171 37.16824344859016 37.11732678453372 43.73151869117149 37.11925224293897 27.752999855008834 25.07823416883823 [6.189700596435532e-06,8.39609377953229e-06,8.331928473101886e-06,1.006534522361267e-06,6.584735099927787e-07,9.704452922140832e-07] "[""HK"",""H"",""H_high"",""K"",""K1_high"",""K2_high""]" 8.39609377953229e-06 nan 8.39609377953229e-06 6.189700596435532e-06 1.006534522361267e-06 nan nan
"HIP 1546" 4.8207268714904785 -19.90828514099121 29.01 2.714838988780339e-12 463.2266483189377 15.981135984981123 0.9989056738229816 12.303187092803151 0.29894278793041357 122.8885125964418 "HIP 1546 2" Neptunian 3.82600933875826 1.2785741242471094 200.0 3.3604492858152955 K5V 0.49349023909939804 3719.818455748119 0.20623398151593708 5.502625741810279 8.58 None 21.777191347109927 4.379487365118912 5.009191782210093 2.0425850930402514 0.12454809963727703 8.730641296494719 9.087859926188104 8.32477865904384 8.502436252865643 9.50294112160768 8.75810220270467 8.720426141936812 8.339189682324788 8.273364204500021 37.75064789285095 38.04932613633406 39.29628625350972 38.345515696896825 38.749346028689416 39.61499313685103 25.68268092415293 25.904366478515257 28.23690666913248 28.23695819490213 39.04618201291156 39.028914715265564 39.64832744158607 39.933297336389664 36.987733592825975 37.12434134170279 39.306996322494385 37.712357342589385 38.002081477584404 39.28664700273614 39.145048330044176 43.22132843763879 39.17029072646328 27.242809601476132 24.568043915305523 [3.0075711538812163e-05,3.9792330915319636e-05,3.62957441140146e-05,4.33795590893435e-07,2.3182359785846333e-07,3.0612282448984346e-07] "[""HK"",""H"",""H_high"",""K"",""K1_high"",""K2_high""]" 3.9792330915319636e-05 nan 3.9792330915319636e-05 3.0075711538812163e-05 4.33795590893435e-07 nan nan
"HIP 111960" 340.1796875 -29.6744384765625 13.55 1.2741854760108429e-11 122.20990093049012 3.977526683739613 2.712192936487831 4.104455748045286 0.03143750945283276 78.80435353875696 "HIP 111960 7" Neptunian 22.331770535749666 5.012253495415311 200.0 2.9400121839206954 K4V 0.7085849901168585 4429.9292249343425 0.5834473973151363 4.756456162082313 5.04 None 26.629137768445105 16.69025851186199 12.140526933918762 0.4692374700034437 0.902636316061414 5.128841607436897 5.469971657808568 5.001295051963951 5.031397159504745 5.867281901483754 5.126337571274354 5.119361762632129 5.01133376675634 4.9641616167736995 28.184624605996333 33.429748386193594 28.19162343964252 28.488777457447124 34.12976827854895 28.494810467302717 21.05735193835466 21.284788728374792 23.59972074533134 23.617380444761658 28.080391157810656 28.79331534340161 35.0287496914456 28.796800701983713 28.152449702771705 32.504763591562316 28.17396668430339 28.175670101666036 33.38250372744393 28.182653369450314 28.125749667863698 38.60175068749832 28.125351346027927 22.62323185133566 19.94846616516505 [0.0007180445948213205,0.0009288863980314153,0.0007587524476189932,0.0007657571182248754,0.0005329154847675185,0.0008012224195877943] "[""HK"",""H"",""H_high"",""K"",""K1_high"",""K2_high""]" 0.0009288863980314153 nan 0.0009288863980314153 0.0007180445948213205 0.0008012224195877943 nan nan
"HIP 103388" 314.1942443847656 -10.445807456970215 15.32 7.083386769628795e-12 575.7189624774204 33.05943505025969 0.270063521862788 29.92394680973028 0.5497464400564018 103.32178370506738 "HIP 103388 1" Neptunian 26.837776081216393 3.4553848563076945 200.0 3.342908755905176 M4V 0.4915349226359668 3778.5271011150085 0.16806205491992893 5.678682667530518 6.99 None -16.463066118132822 7.966644194337813 3.714925231486983 2.78709396484336 0.004667724207823635 7.140641296494719 7.497859926188103 6.73477865904384 6.912436252865641 7.91294112160768 7.16810220270467 7.1304261419368125 6.749189682324788 6.68336420450002 34.50152776547589 34.504028745713754 41.04301970329807 35.20031693923364 35.20404863806911 41.36172658663937 22.13740236424183 22.35906908789495 24.691660410530176 24.691660804281817 40.79291546269991 36.09666721339354 36.10303005096576 41.68003078617801 33.57807886755408 33.579043951082475 41.05372977228272 34.45437354326967 34.4567840869641 41.03338045252449 39.37572858153483 39.67603104701848 40.91702417625163 23.697512210855823 21.022746524685214 [0.0003881366140838204,0.0005254787478597046,0.0005154783406487058,2.3394906807997667e-06,8.280208556573438e-07,2.651771997458872e-07] "[""HK"",""H"",""H_high"",""K"",""K1_high"",""K2_high""]" 0.0005254787478597046 nan 0.0005254787478597046 0.0003881366140838204 2.3394906807997667e-06 nan nan
"HIP 3757" 12.055116653442383 -5.135178089141846 23.77 7.478763128401219e-12 398.28148751017955 9.53928363499153 1.6938507379896657 9.042643233020767 0.19263000492490956 161.28024783522153 "HIP 3757 2" Neptunian 5.030998862008018 2.3929812254169627 200.0 2.9349307184748654 M2V 0.4852970102811314 3778.5271011150085 0.20148377808593873 5.515595071403811 7.930000000000001 None 5.1740073702719656 1.4232032628462177 2.2145177780717304 1.531392702474882 0.3382536157304173 8.080641296494719 8.437859926188104 7.674778659043842 7.852436252865641 8.852941121607682 8.108102202704671 8.070426141936814 7.6891896823247885 7.623364204500021 35.0827749269079 36.255666499248335 35.531844837680275 35.51561523879419 36.9556863916037 35.850551721021574 23.88892371839201 24.11070684142954 26.442982123033403 26.443298557816405 35.281740597082106 35.96038807234368 37.854667804500345 36.16885592056021 34.67799075539076 35.330681704617064 35.54255490666493 35.06029161495605 36.20842184049869 35.52220558690669 35.40209928346435 41.427668800553064 35.405849310633826 25.449149964390408 22.774384278219802 [0.00011807439411615605,0.00015815294156955933,0.00014932910684321146,9.883493898041067e-06,5.859040946671958e-06,8.405517527386653e-06] "[""HK"",""H"",""H_high"",""K"",""K1_high"",""K2_high""]" 0.00015815294156955933 nan 0.00015815294156955933 0.00011807439411615605 9.883493898041067e-06 nan nan
"HIP 39342" 120.63088989257812 -66.02062225341797 17.31 1.0564126044560318e-10 85.76481322990931 2.190433248360285 0.7447124407588487 1.4795111026377201 0.5138682648366062 90.03885315265698 "HIP 39342 10" Terran 0.3644091038335693 0.7765477267635235 249.03805101297536 2.7724079947347744 K1V 0.83802754154037 5078.230006431863 0.7651178258472228 4.593869278435107 5.109999999999999 None 27.198779464051654 5.279167571908461 22.416268833220887 2.396879963397074 0.04143957256565466 5.173321967774067 5.434724859686181 5.086249188315777 5.097342931773686 5.718837655971742 5.1709946609337205 5.16649258677827 5.093031979941899 5.060868142114325 33.12204672078478 34.59002706975351 33.445031523674416 33.386050820211025 35.03262611122632 33.65507310859111 24.613368240572274 25.1036927097918 26.619997706042533 26.622173070757142 33.36656580721942 33.583247114466516 35.28967810300911 33.83601714720277 32.78364721866319 33.66530347018287 33.42169781777705 33.10510821300926 34.54209273537037 33.438819574379835 33.40919452367191 39.3397943650016 33.413408816933085 26.164635039906166 23.863669630653707 [4.0127753398662254e-05,5.8186816243112754e-05,6.0035341222896574e-05,4.334819360381008e-06,3.102799449291472e-06,4.2242000448267345e-06] "[""HK"",""H"",""H_high"",""K"",""K1_high"",""K2_high""]" 6.0035341222896574e-05 nan 6.0035341222896574e-05 4.0127753398662254e-05 4.334819360381008e-06 nan nan
"HIP 42291" 129.3342742919922 -40.147743225097656 27.4 5.865080142163117e-12 87.1495596423608 5.25591848175681 2.6699777096086135 5.182767900331945 0.13724003320066192 83.92396927380595 "HIP 42291 4" Neptunian 21.465530764380244 5.422235620080357 200.0 2.8545399420945783 G1V 1.1846064775265088 5967.543450190654 1.183083425979118 4.3656109897815245 5.1000000000000005 None 11.093935048617283 18.120072306071425 14.160040341168324 0.4825137964897489 0.8974755919911983 5.1348242039507985 5.297039682285928 5.09322997438961 5.090156243582503 5.4597746921422905 5.1344538359710175 5.131319429274087 5.0951757395946995 5.085678933336118 28.537651729029236 34.7880779328121 28.53957823762704 28.651245706442676 35.48809782516746 28.653247336144986 22.407588912730883 22.643118274993302 24.933528470994716 24.975709991380167 28.481056176204827 28.731303085256084 36.38707923806411 28.73224411218292 28.513035009742154 33.86309313818082 28.522371053327603 28.534882220100467 34.740833274062446 28.536714345453955 28.52942842212981 39.96008023411683 28.528833096222634 23.981561397954177 21.30679571178357 [0.0003874246982611667,0.000492122671820659,0.0003902394309638619,0.00037227678470718936,0.0002478488419592018,0.0003710974792554323] "[""HK"",""H"",""H_high"",""K"",""K1_high"",""K2_high""]" 0.000492122671820659 nan 0.000492122671820659 0.0003874246982611667 0.00037227678470718936 nan nan
