sim_data/Simulated_table/Simulated_Pull_for_FastCurves.ecsv
# %ECSV 1.0
# ---
# datatype:
# - {name: StarName, datatype: string}
# - {name: RA, datatype: float64}
# - {name: Dec, datatype: float64}
# - {name: Distance, unit: pc, datatype: float64}
# - {name: Flux Ratio, datatype: float64}
# - {name: AngSep, unit: mas, datatype: float64}
# - {name: ProjAU, unit: AU, datatype: float64}
# - {name: Phase, unit: rad, datatype: float64}
# - {name: SMA, unit: AU, datatype: float64}
# - {name: Ecc, datatype: float64}
# - {name: Inc, unit: deg, datatype: float64}
# - {name: PlanetName, datatype: string}
# - {name: PlanetType, datatype: string}
# - {name: PlanetMass, unit: earthMass, datatype: float64}
# - {name: PlanetRadius, unit: earthRad, datatype: float64}
# - {name: PlanetTeq, unit: K, datatype: float64}
# - {name: PlanetLogg, unit: dex(cm / s2), datatype: float64}
# - {name: StarSpT, datatype: string}
# - {name: StarMass, unit: solMass, datatype: float64}
# - {name: StarTeff, unit: K, datatype: float64}
# - {name: StarRad, unit: solRad, datatype: float64}
# - {name: StarLogg, unit: dex(cm / s2), datatype: float64}
# - {name: StarKmag, datatype: float64}
# - {name: DiscoveryMethod, datatype: string}
# - {name: StarRadialVelocity, unit: km / s, datatype: float64}
# - {name: StarVsini, unit: km / s, datatype: float64}
# - {name: DeltaRadialVelocity, unit: km / s, datatype: float64}
# - {name: alpha, datatype: float64}
# - {name: g_alpha, datatype: float64}
# - {name: StarINSTRUmag(HARMONI), datatype: float64}
# - {name: StarINSTRUmag(ERIS), datatype: float64}
# - {name: StarINSTRUmag(MIRIMRS), datatype: float64}
# - {name: StarINSTRUmag(NIRCam), datatype: float64}
# - {name: StarINSTRUmag(NIRSpec), datatype: float64}
# - {name: StarJmag, datatype: float64}
# - {name: StarHmag, datatype: float64}
# - {name: StarHKmag, datatype: float64}
# - {name: StarCHANNEL1mag, datatype: float64}
# - {name: StarCHANNEL2mag, datatype: float64}
# - {name: PlanetINSTRUmag(HARMONI)(thermal+reflected), datatype: float64}
# - {name: PlanetINSTRUmag(HARMONI)(thermal), datatype: float64}
# - {name: PlanetINSTRUmag(HARMONI)(reflected), datatype: float64}
# - {name: PlanetINSTRUmag(ERIS)(thermal+reflected), datatype: float64}
# - {name: PlanetINSTRUmag(ERIS)(thermal), datatype: float64}
# - {name: PlanetINSTRUmag(ERIS)(reflected), datatype: float64}
# - {name: PlanetINSTRUmag(MIRIMRS)(thermal+reflected), datatype: float64}
# - {name: PlanetINSTRUmag(MIRIMRS)(thermal), datatype: float64}
# - {name: PlanetINSTRUmag(NIRCam)(thermal+reflected), datatype: float64}
# - {name: PlanetINSTRUmag(NIRCam)(thermal), datatype: float64}
# - {name: PlanetINSTRUmag(NIRCam)(reflected), datatype: float64}
# - {name: PlanetINSTRUmag(NIRSpec)(thermal+reflected), datatype: float64}
# - {name: PlanetINSTRUmag(NIRSpec)(thermal), datatype: float64}
# - {name: PlanetINSTRUmag(NIRSpec)(reflected), datatype: float64}
# - {name: PlanetJmag(thermal+reflected), datatype: float64}
# - {name: PlanetJmag(thermal), datatype: float64}
# - {name: PlanetJmag(reflected), datatype: float64}
# - {name: PlanetHmag(thermal+reflected), datatype: float64}
# - {name: PlanetHmag(thermal), datatype: float64}
# - {name: PlanetHmag(reflected), datatype: float64}
# - {name: PlanetHKmag(thermal+reflected), datatype: float64}
# - {name: PlanetHKmag(thermal), datatype: float64}
[...]
#     StarTeff:
#       __class__: astropy.units.quantity.Quantity
#       unit: *id002
#       value: !astropy.table.SerializedColumn {name: StarTeff}
#     StarVsini:
#       __class__: astropy.units.quantity.Quantity
#       unit: !astropy.units.Unit {unit: km / s}
#       value: !astropy.table.SerializedColumn {name: StarVsini}
# schema: astropy-2.0
StarName RA Dec Distance "Flux Ratio" AngSep ProjAU Phase SMA Ecc Inc PlanetName PlanetType PlanetMass PlanetRadius PlanetTeq PlanetLogg StarSpT StarMass StarTeff StarRad StarLogg StarKmag DiscoveryMethod StarRadialVelocity StarVsini DeltaRadialVelocity alpha g_alpha StarINSTRUmag(HARMONI) StarINSTRUmag(ERIS) StarINSTRUmag(MIRIMRS) StarINSTRUmag(NIRCam) StarINSTRUmag(NIRSpec) StarJmag StarHmag StarHKmag StarCHANNEL1mag StarCHANNEL2mag PlanetINSTRUmag(HARMONI)(thermal+reflected) PlanetINSTRUmag(HARMONI)(thermal) PlanetINSTRUmag(HARMONI)(reflected) PlanetINSTRUmag(ERIS)(thermal+reflected) PlanetINSTRUmag(ERIS)(thermal) PlanetINSTRUmag(ERIS)(reflected) PlanetINSTRUmag(MIRIMRS)(thermal+reflected) PlanetINSTRUmag(MIRIMRS)(thermal) PlanetINSTRUmag(NIRCam)(thermal+reflected) PlanetINSTRUmag(NIRCam)(thermal) PlanetINSTRUmag(NIRCam)(reflected) PlanetINSTRUmag(NIRSpec)(thermal+reflected) PlanetINSTRUmag(NIRSpec)(thermal) PlanetINSTRUmag(NIRSpec)(reflected) PlanetJmag(thermal+reflected) PlanetJmag(thermal) PlanetJmag(reflected) PlanetHmag(thermal+reflected) PlanetHmag(thermal) PlanetHmag(reflected) PlanetHKmag(thermal+reflected) PlanetHKmag(thermal) PlanetHKmag(reflected) PlanetKmag(thermal+reflected) PlanetKmag(thermal) PlanetKmag(reflected) PlanetCHANNEL1mag(thermal) PlanetCHANNEL2mag(thermal)
[from data line 1807]
"HIP 67927" 208.6713104248047 18.39858627319336 11.4 4.858555343513817e-12 502.3463886697236 5.776055270472941 1.440040643362391 7.641895528630675 0.2547809112324592 120.28368032579465 "HIP 67927 9" Terran 0.6118406160070409 1.0727389010818147 250.62717955617674 2.716805325731085 G0IV 1.5785865263577412 6046.972924424451 2.8228304294849447 3.734966438202394 1.37 None -23.95322833462241 1.3416086467992816 11.68985378596052 1.683626766783402 0.26403400206837946 1.4057246037162892 1.5667019493239618 1.361100386636428 1.36086413953423 1.6014253116255281 1.7279766577121747 1.4072943519740144 1.4022108359443592 1.3631690084271708 1.3531193046201448 30.392164418658112 32.50033833566778 30.56029513118576 30.513087357781878 32.783520101138066 30.65626390971857 22.340846898869767 22.77971239521173 24.51239200426921 24.516686256445052 30.52163036166352 27.04063181653939 27.07986568331579 30.665347695206492 30.566283001959263 32.81724761129068 30.712232080249315 30.192346924011883 31.606452822403234 30.536821207703802 30.38310012001717 32.45520301009387 30.55739120392843 30.54258483799098 34.89147456931308 30.562544549240208 23.945200947378712 21.506174455434103
"HIP 73631" 225.7659149169922 -46.29379653930664 25.3 2.0417775676126186e-11 393.44554785887806 10.225412207845867 1.3399536806196823 7.9720094531147785 0.32406079087998024 140.84485461740408 "HIP 73631 1" Neptunian 42.62845566118054 3.8518106026118715 200.0 3.449524832757017 K5V 0.6849927659387812 4328.442414749455 0.44597777877457584 4.975127172017031 6.899999999999999 None -9.249290976792281 6.251954124515913 5.513314841364205 1.7157717658394758 0.24940336591216553 6.988841607436896 7.329971657808566 6.861295051963951 6.891397159504744 7.381797760408418 7.727281901483753 6.986337571274354 6.979361762632128 6.871333766756339 6.824161616773699 33.28698298531276 35.357495031513906 33.46155132237777 33.640696251283664 36.05751492386926 33.764738350037966 22.990602464788758 23.212535373695108 25.54430771329889 25.545127090081973 33.350319040545905 28.105201326479747 28.11094973366825 33.798516252369595 33.99343335502632 36.95649633676591 34.06672858471896 33.07678957861394 34.43251023688263 33.44389456703864 33.272242215530895 35.31025037276425 33.45258125218556 33.39375961534324 40.529497332818636 33.39527922876317 24.55097849665598 21.87621281048537
"HIP 102101" 310.36688232421875 57.429298400878906 24.24 3.1035362387756565e-11 400.5764707043863 11.751944660156374 2.1691856680401616 11.94427574902971 0.1522433576801989 131.9938851635012 "HIP 102101 1" Jovian 168.83805254549742 8.533388138922627 200.0 3.3563824164178127 M0V 0.5896433092483332 4017.00351077832 0.4126522144359981 4.9774886421613544 6.859999999999999 None -4.596508912833574 3.863431336081946 4.920505765915061 1.1388238261263812 0.5559685655260705 6.988628355528178 7.348937888647244 6.6859084966883 6.807970869324985 7.391736744047232 7.770864702513527 7.004324347101115 6.978311711842259 6.699188215241911 6.637864079527091 31.552552720160904 33.53727262525579 31.742805698191358 31.92762679033301 34.23729251761115 32.06538530688566 21.170362626711206 21.392312967436986 23.72409553809951 23.72490468382385 31.543744026795885 26.285540439803576 26.290727327410135 32.09017655738911 32.30732844790443 35.1362739305078 32.39063933638898 31.34004934050132 32.61228783062451 31.742637977103364 31.53667076002082 33.49002796650613 31.733035071575486 31.635998497378385 38.70927492656052 31.637608162899586 22.73075609039786 20.055990404227252
"HIP 79762" 244.1918487548828 67.25602722167969 10.74 3.0072352370461717e-11 1094.8499605883796 15.613218962567956 2.2887949281979427 17.390700030762645 0.2057757098066078 45.36872700668636 "HIP 79762 12" Jovian 613.5841452109017 13.635277187133527 200.0 3.5097012690381875 M3V 0.4727741308613174 3793.5064935064934 0.16895793964447722 5.657164122433193 6.069999999999999 None -17.599328212321215 14.219749702449212 3.501613673756348 1.0835725074911864 0.5879656862015561 6.220641296494717 6.577859926188102 5.81477865904384 5.992436252865641 6.614873386420859 6.9929411216076796 6.248102202704669 6.210426141936811 5.829189682324786 5.763364204500019 29.979738410356735 30.751918598868848 30.71305594242483 30.469075462730405 31.451938491224205 31.031762825766137 18.385230344271935 18.606958941050046 20.93938226203736 20.93955065743691 30.462951701826665 23.50433222939996 23.50537330102319 31.050462001157527 30.986458654211443 32.35091990412086 31.35006702530477 29.432694183128184 29.82693380423757 30.723766011409488 29.95147014474349 30.70467394011919 30.70341669165125 30.579128232405072 35.92392090017358 30.587060415378385 19.94540206401092 17.270636377840308
"HIP 79755" 244.18124389648438 67.23863983154297 10.69 5.46293273490488e-11 1054.7492132389777 11.275786672334627 1.5803778182026218 10.588902178704105 0.24530211302910232 102.52632235579117 "HIP 79755 8" Neptunian 23.83357724026463 5.766069239308963 200.0 2.846584607291252 M0V 0.6200586566092936 3934.098141087187 0.40751473140872285 5.010213776664366 4.949999999999999 None 14.894599126073686 1.8160439841561415 7.036332122474904 1.5614429154455514 0.3230004472406574 5.078628355528178 5.438937888647245 4.775908496688299 4.897970869324985 5.481736744047231 5.860864702513526 5.094324347101114 5.0683117118422585 4.789188215241912 4.727864079527092 30.78787340432431 32.610706307501445 31.012087291759663 31.171630225659683 33.3107261998568 31.33466690045396 20.243843138578445 20.465746649682643 22.797662727733613 22.79833836606951 30.813025620364193 25.359828508621078 25.364161009655785 31.359458150957416 31.560872112584065 34.20970761275345 31.659920929957288 30.544793695085765 31.685721512870163 31.01191957067167 30.771011986515827 32.56346164875178 31.00231666514379 30.90496218181383 37.78270860880617 30.90688975646789 21.80418977264351 19.129424086472902
"HIP 92161" 281.7550964355469 18.181230545043945 28.89 7.742707427735423e-11 37.19111716176311 1.8380069430418973 2.517237548351807 1.6067157354478323 0.2297460462248663 94.45487834350554 "HIP 92161 9" Neptunian 15.846987059155234 2.9996458029302664 593.7184386037552 3.2369618324061777 A5III 1.7451606431112363 8747.60628840386 1.5915675385735524 4.276252892022886 4.1499999999999995 None 17.041303563791708 16.910267935985907 30.948039599025684 0.6285361426116917 0.8342091141155143 4.162380742089615 4.168825098474608 4.1492790233601236 4.152520421213862 4.172284528788624 4.176274788198356 4.167688531379669 4.162533900676804 4.1489425086319525 4.150505846736577 23.42281710984932 23.49428914320763 26.412327552572854 23.250376478525347 23.31522305603405 26.342231546887405 18.264503482645807 18.724553689795048 21.21794716021744 21.224751331756963 26.72872013409561 22.75135190528284 22.792516468398155 26.324387024477552 22.959011147066178 23.012922934177734 26.24595698149205 23.050485626291547 23.103683348696705 26.351554087147235 23.38388384080985 23.453009966777394 26.40846878518083 23.137294761442302 23.187447182547686 26.500855488255866 19.44465303089534 17.65502783519541
"HIP 86742" 265.86822509765625 4.5669169425964355 25.09 8.014140166546993e-12 177.52753846950432 4.465316055179732 1.5001126745521411 8.294584680360451 0.4833954385718991 172.80233081973196 "HIP 86742 3" Neptunian 2.320458431568813 1.3132607732437585 351.17961408101525 3.1200269304941335 K2III 2.23561039865054 4328.442414749455 11.74068294845725 2.6480770277261567 0.2200000000000002 None -6.289260525583813 7.496354326201584 1.9374071416113328 1.579645227545163 0.31389795562238504 0.3116569646735612 0.654471381804735 0.1750454570215857 0.21253570397340008 0.7051521584059772 1.0545432980033862 0.3114355010486525 0.3015188358934141 0.18847626567030623 0.1258042172051607 28.40443405601497 29.29897358077306 29.03147880049537 28.186275705769674 28.652270843672945 29.32930987100275 21.825413151176576 22.08149066899007 24.945150934004037 24.970105307984163 29.054048324797684 27.0284553410062 27.162772317290585 29.363959579998713 27.89901052448521 28.155949655661438 29.589682919686958 28.02177297030176 28.582414217495632 29.00765604537137 28.378037282319987 29.254690263961805 29.01927081771884 28.55631499194193 29.742300826050045 28.999967910520915 23.311961576925242 20.778813380562468
"HIP 114980" 349.32012939453125 -66.9369125366211 28.18 3.0431782697476808e-12 348.5771292288247 10.818770067866568 1.1383664262665019 9.05058204455018 0.4013644680213306 72.55562646978144 "HIP 114980 1" Neptunian 4.4412099726834935 1.1761256654470698 200.0 3.4977489337823324 K3V 0.8268413660097379 4450.829467005808 0.6948884074534528 4.6716596899451 6.39 None -12.159264644816275 8.020844618947203 8.588586159209822 1.9820995531942796 0.1442040386656575 6.478841607436896 6.8199716578085665 6.351295051963952 6.381397159504745 6.871797760408418 7.217281901483754 6.476337571274354 6.469361762632129 6.361333766756339 6.314161616773699 36.20368925126399 38.16765335460082 36.3979630474482 36.56274858879426 38.86767324695618 36.701150075108394 25.800790021714196 26.02269369678202 28.354555955189625 28.355285413168886 36.28673076561634 30.915989209388364 30.921108056755166 36.73492797744002 36.92114003422751 39.76665465985283 37.00314030978939 35.97545460669929 37.242668559969545 36.38030629210907 36.18835520003623 38.12040869585117 36.388992977255995 36.32998409728344 43.339655655905545 36.33169095383361 27.361136819742896 24.686371133572287
"HIP 87330" 267.6597595214844 -40.31828689575195 29.43 8.097343445504304e-12 692.0556759266852 21.38372830072265 1.2612191276124403 24.8020959297587 0.3281159657104225 42.228560245591474 "HIP 87330 10" Neptunian 96.5262119332543 4.425861536772403 200.0 3.683804699295781 K2V 0.7591875812885959 4766.876781934012 0.6041967669901698 4.756059928501479 6.539999999999999 None -20.713061196783517 11.401687636293262 3.502947777532073 1.7770109062225965 0.222628003322238 6.611724289665563 6.896510793213048 6.508917347578546 6.525083380446974 6.942742366068195 7.212112225829559 6.610038102465774 6.604103798916894 6.516730007075252 6.4798214688685345 34.62478516210425 35.38417924311423 35.37058362033971 35.07133954782256 36.084199135469596 35.61411889455981 23.01750660955936 23.23921958529543 25.571667971481293 25.571811301682303 35.2702061609076 28.136552137545724 28.137633945268583 35.64102860273488 35.513627268989325 36.98318054836624 35.838103835318826 34.06409559939029 34.45919444848296 35.35320733148812 34.59756186621738 35.336934584364585 35.363501640745376 35.31321113349702 40.55618154441896 35.32192634703116 24.577662708256305 21.9028970220857
"HIP 31635" 99.29694366455078 17.563995361328125 9.75 3.587405103569141e-12 560.0887205614505 5.505346310523272 1.4435913259059963 7.206354682797132 0.23755636069381145 85.12819384581191 "HIP 31635 15" Terran 1.3131786571463513 1.0128945576148012 200.0 3.0983504223037635 M1V 0.5425102845079157 3778.5271011150085 0.2565756984565844 5.354044563283998 5.82 None 1.372898608670571 10.217028166355515 8.142710671892068 1.6975392810907062 0.25765430832994834 5.970641296494719 6.327859926188103 5.56477865904384 5.742436252865641 6.364873386420859 6.74294112160768 5.99810220270467 5.9604261419368125 5.579189682324788 5.51336420450002 34.75398788189858 36.18741893738376 35.0913338871939 35.16215831582511 36.88743882973912 35.410040770535204 23.820628495607107 24.04245927956496 26.374605171697546 26.375050995951828 34.841229646595735 28.938119240860306 28.940873639538104 35.428739945926594 35.576378925769376 37.78642024263577 35.72834497007384 34.42670504794648 35.26243414275248 35.102043956178555 34.73417713624195 36.140174278634106 35.081694636420316 34.96233580826998 41.3594212386885 34.965338360147456 25.380902402525834 22.70613671635523
"HIP 101579" 308.8019714355469 6.127563953399658 28.64 6.824601116402045e-08 5.16293954250889 0.1522267095755877 1.330879378770266 0.1789038903969659 0.2727823776129064 79.04256270626308 "HIP 101579 3" Neptunian 12.36853365080841 2.862309411289148 618.518798637676 3.1700401398735174 K2V 0.8026313629728471 4840.87544177459 0.6280311491264579 4.746621384301726 6.53 None 24.309219161403945 0.9653442120836031 61.938473067898215 1.806255780955963 0.2103668033124715 6.601724289665565 6.88651079321305 6.498917347578546 6.515083380446976 6.932742366068196 7.202112225829559 6.600038102465776 6.594103798916894 6.506730007075253 6.469821468868535 23.431865576248168 23.577183491572104 25.68722715105799 23.296064214049824 23.398117404398523 25.913935488758185 18.34521789758185 18.80744803815952 21.292261216053845 21.307645680121432 25.92154923557086 22.81397935367016 22.875410816762628 25.962562500905157 23.02945908465756 23.095817282542207 26.097043543649935 23.076845509711575 23.18657769706118 25.619725255556848 23.39432148316119 23.535904315141867 25.67612803855608 23.161376642962228 23.270341530912155 25.71149782708682 19.527547379259815 17.73792218355988
"HIP 113283" 344.0992736816406 -31.5651798248291 7.61 1.580198491745689e-12 402.7394869499481 4.325472462604122 2.35414024865418 4.546011443328194 0.3391229178858672 57.734067304916685 "HIP 113283 9" Terran 0.7040458295898889 0.9747495924825403 200.0 2.860969887668041 K4V 0.7168301090408189 4536.545582559668 0.5818219291231458 4.76390369408981 3.8300000000000005 None 3.2726381518653866 0.8324025494418041 10.00094419825498 0.931432053300596 0.6752135175935052 3.909788958812948 4.222590474103774 3.796144418568828 3.817085102940184 4.271547019231752 4.577827837241086 3.907639139930001 3.901252532034782 3.8051142680386767 3.7628561317096803 31.05060581996971 35.73267501943609 31.06525533503923 31.32855433594687 36.43269491179145 31.33846376122715 23.362662193708942 23.58771536161729 25.909878817363 25.920307078004157 30.95886988105565 28.41236608025094 28.486129721590437 31.36874403115624 31.59472512648747 37.3316763246881 31.600246506626917 31.01420914780571 34.807690224804816 31.047706786370437 31.042055620783863 35.68543036068644 31.057240377417294 31.00812973743728 40.90467732074082 31.008249171766096 24.926158484578163 22.251392798407554
