sim_data/Simulated_table/Simulated_Pull_MIRIMRS_systematic_limit_BT-Settl.ecsv
# %ECSV 1.0
# ---
# datatype:
# - {name: StarName, datatype: string}
# - {name: RA, datatype: float64}
# - {name: Dec, datatype: float64}
# - {name: Distance, unit: pc, datatype: float64}
# - {name: Flux Ratio, datatype: float64}
# - {name: AngSep, unit: mas, datatype: float64}
# - {name: ProjAU, unit: AU, datatype: float64}
# - {name: Phase, unit: rad, datatype: float64}
# - {name: SMA, unit: AU, datatype: float64}
# - {name: Ecc, datatype: float64}
# - {name: Inc, unit: deg, datatype: float64}
# - {name: PlanetName, datatype: string}
# - {name: PlanetType, datatype: string}
# - {name: PlanetMass, unit: earthMass, datatype: float64}
# - {name: PlanetRadius, unit: earthRad, datatype: float64}
# - {name: PlanetTeq, unit: K, datatype: float64}
# - {name: PlanetLogg, unit: dex(cm / s2), datatype: float64}
# - {name: StarSpT, datatype: string}
# - {name: StarMass, unit: solMass, datatype: float64}
# - {name: StarTeff, unit: K, datatype: float64}
# - {name: StarRad, unit: solRad, datatype: float64}
# - {name: StarLogg, unit: dex(cm / s2), datatype: float64}
# - {name: StarKmag, datatype: float64}
# - {name: DiscoveryMethod, datatype: string}
# - {name: StarRadialVelocity, unit: km / s, datatype: float64}
# - {name: StarVsini, unit: km / s, datatype: float64}
# - {name: DeltaRadialVelocity, unit: km / s, datatype: float64}
# - {name: alpha, datatype: float64}
# - {name: g_alpha, datatype: float64}
# - {name: StarINSTRUmag(HARMONI), datatype: float64}
# - {name: StarINSTRUmag(ERIS), datatype: float64}
# - {name: StarINSTRUmag(MIRIMRS), datatype: float64}
# - {name: StarINSTRUmag(NIRCam), datatype: float64}
# - {name: StarJmag, datatype: float64}
# - {name: StarHmag, datatype: float64}
# - {name: StarHKmag, datatype: float64}
# - {name: StarCHANNEL1mag, datatype: float64}
# - {name: StarCHANNEL2mag, datatype: float64}
# - {name: PlanetINSTRUmag(HARMONI)(thermal+reflected), datatype: float64}
# - {name: PlanetINSTRUmag(HARMONI)(thermal), datatype: float64}
# - {name: PlanetINSTRUmag(HARMONI)(reflected), datatype: float64}
# - {name: PlanetINSTRUmag(ERIS)(thermal+reflected), datatype: float64}
# - {name: PlanetINSTRUmag(ERIS)(thermal), datatype: float64}
# - {name: PlanetINSTRUmag(ERIS)(reflected), datatype: float64}
# - {name: PlanetINSTRUmag(MIRIMRS)(thermal+reflected), datatype: float64}
# - {name: PlanetINSTRUmag(MIRIMRS)(thermal), datatype: float64}
# - {name: PlanetINSTRUmag(NIRCam)(thermal+reflected), datatype: float64}
# - {name: PlanetINSTRUmag(NIRCam)(thermal), datatype: float64}
# - {name: PlanetINSTRUmag(NIRCam)(reflected), datatype: float64}
# - {name: PlanetJmag(thermal+reflected), datatype: float64}
# - {name: PlanetJmag(thermal), datatype: float64}
# - {name: PlanetJmag(reflected), datatype: float64}
# - {name: PlanetHmag(thermal+reflected), datatype: float64}
# - {name: PlanetHmag(thermal), datatype: float64}
# - {name: PlanetHmag(reflected), datatype: float64}
# - {name: PlanetHKmag(thermal+reflected), datatype: float64}
# - {name: PlanetHKmag(thermal), datatype: float64}
# - {name: PlanetHKmag(reflected), datatype: float64}
# - {name: PlanetKmag(thermal+reflected), datatype: float64}
# - {name: PlanetKmag(thermal), datatype: float64}
# - {name: PlanetKmag(reflected), datatype: float64}
# - {name: PlanetCHANNEL1mag(thermal), datatype: float64}
[...]
#     StarTeff:
#       __class__: astropy.units.quantity.Quantity
#       unit: *id002
#       value: !astropy.table.SerializedColumn {name: StarTeff}
#     StarVsini:
#       __class__: astropy.units.quantity.Quantity
#       unit: !astropy.units.Unit {unit: km / s}
#       value: !astropy.table.SerializedColumn {name: StarVsini}
# schema: astropy-2.0
StarName RA Dec Distance "Flux Ratio" AngSep ProjAU Phase SMA Ecc Inc PlanetName PlanetType PlanetMass PlanetRadius PlanetTeq PlanetLogg StarSpT StarMass StarTeff StarRad StarLogg StarKmag DiscoveryMethod StarRadialVelocity StarVsini DeltaRadialVelocity alpha g_alpha StarINSTRUmag(HARMONI) StarINSTRUmag(ERIS) StarINSTRUmag(MIRIMRS) StarINSTRUmag(NIRCam) StarJmag StarHmag StarHKmag StarCHANNEL1mag StarCHANNEL2mag PlanetINSTRUmag(HARMONI)(thermal+reflected) PlanetINSTRUmag(HARMONI)(thermal) PlanetINSTRUmag(HARMONI)(reflected) PlanetINSTRUmag(ERIS)(thermal+reflected) PlanetINSTRUmag(ERIS)(thermal) PlanetINSTRUmag(ERIS)(reflected) PlanetINSTRUmag(MIRIMRS)(thermal+reflected) PlanetINSTRUmag(MIRIMRS)(thermal) PlanetINSTRUmag(NIRCam)(thermal+reflected) PlanetINSTRUmag(NIRCam)(thermal) PlanetINSTRUmag(NIRCam)(reflected) PlanetJmag(thermal+reflected) PlanetJmag(thermal) PlanetJmag(reflected) PlanetHmag(thermal+reflected) PlanetHmag(thermal) PlanetHmag(reflected) PlanetHKmag(thermal+reflected) PlanetHKmag(thermal) PlanetHKmag(reflected) PlanetKmag(thermal+reflected) PlanetKmag(thermal) PlanetKmag(reflected) PlanetCHANNEL1mag(thermal) PlanetCHANNEL2mag(thermal) SNR_band name_band SNR_INSTRU SNR_J SNR_H SNR_HK SNR_K SNR_CHANNEL1 SNR_CHANNEL2
[from data line 797]
"HIP 58170" 178.952880859375 -38.27964782714844 24.34 5.2655013434028914e-12 609.49344505032 16.763009380171624 1.08646930232341 13.097549876871875 0.2978441499016509 96.66249924279117 "HIP 58170 1" Neptunian 2.7424296875333427 2.100076062013284 200.0 2.7848205343871366 M1V 0.4889022459259309 3748.9340370997115 0.21845448374202373 5.448567733721116 7.890000000000001 None 24.97189529157803 3.2303100249051697 5.715706624392098 2.05157364354757 0.12176506591904207 8.04064129649472 8.397859926188104 7.634778659043842 7.812436252865642 8.81294112160768 8.06810220270467 8.030426141936813 7.6491896823247885 7.58336420450002 36.253941640000114 36.590644793527936 37.68913884155996 36.83850989338127 37.29066468588329 38.00784572490126 24.223996800812607 24.445720431620682 26.778217776324066 26.778276852096003 37.43903460096179 37.5031791965441 38.18964609877994 38.3261499244399 35.5105441082211 35.66565999889666 37.69984891054462 36.21659733280041 36.54340013477828 37.67949959078638 37.54068263311412 41.762647094832666 37.56314331451351 25.784147571161228 23.109387687144938 [0.0009439976740053846,3.050516230755517e-05,0.0008935256063684178,0.000912962815846054,0.0009920715382054184,0.000642068705344886] "[""1SHORT"",""1MEDIUM"",""1LONG"",""2SHORT"",""2MEDIUM"",""2LONG""]" 0.0009920715382054184 nan nan nan nan 0.0009439976740053846 0.0009920715382054184
"HIP 67275" 206.8168182373047 17.45677375793457 15.62 5.004084913002757e-12 398.3619473313826 6.525897132265259 1.8769644897993873 4.9222372730439865 0.46535247142760106 30.97604667120729 "HIP 67275 9" Terran 1.1840922902196351 1.6618571610833266 241.5102300562976 2.6233532496526095 F7V 1.3828298801809564 6343.880598874681 1.5340058506825578 4.2071823504862 3.3600000000000003 None -24.64617019106412 11.102601640037715 8.125195061533864 1.4150391336385935 0.3997117320219663 3.3882436691662923 3.5190234592651533 3.3550261195266184 3.353250224653796 3.647503021031344 3.38966916741417 3.38559181780905 3.3555953034660013 3.3526431733746067 30.058858058102203 32.71481917738326 30.157228690845926 30.156863359789675 33.15741821885608 30.227587962502113 22.735110008925762 23.228517749948278 24.739287248515758 24.74696517838689 30.119324398496545 30.204658122340184 33.414470210638854 30.262647128731697 29.9223292363421 31.790095577812618 30.13649338317711 30.05288083792591 32.66688484300011 30.155315908593572 30.160306640433117 37.46458647263135 30.161607626238876 24.289443161117063 21.9884874330464 [1.5735324046782162e-05,2.7816208773722723e-06,2.308669324349883e-05,2.0700189429383812e-05,1.670640144133977e-05,2.4170313590370702e-05] "[""1SHORT"",""1MEDIUM"",""1LONG"",""2SHORT"",""2MEDIUM"",""2LONG""]" 2.4170313590370702e-05 nan nan nan nan 2.308669324349883e-05 2.4170313590370702e-05
"HIP 39506" 121.12368774414062 9.267887115478516 29.4 1.1959724353851195e-11 1271.2074483503739 38.55117038037819 1.322985600219643 31.399881308364368 0.471524779083009 85.17339504606606 "HIP 39506 4" Neptunian 93.75629603444465 7.656466597322549 200.0 3.195098739248555 G0V 1.0663571102491858 5852.509413999555 0.9430160309090707 4.516932145104923 5.66 None 11.470724717222971 14.756254487895992 5.470096490518846 1.8177099511356316 0.20565941086870246 5.7002525475106065 5.8799378665771895 5.646372211027311 5.647014848991053 6.0624085914440675 5.700017759228305 5.696202846265173 5.649461873098479 5.634580543325915 33.26489327960501 34.19181173822942 33.86728529158569 33.60383560981464 34.891831630584775 33.99942453990449 21.825125472776982 22.04688737632216 24.379258699380664 24.379443796797485 33.80016115200825 33.8899593066493 35.79081304348143 34.097040674282745 32.767273812597054 33.26682694359814 33.8503468403615 33.24259518173512 34.14456707947976 33.86386576887047 33.844297392431116 39.36381403953415 33.85104681853862 23.385314515862706 20.71055463184642 [0.06742896096460783,0.0011716980927111867,0.01844964142582491,0.036219518546213914,0.03692244050643634,0.02724091979815553] "[""1SHORT"",""1MEDIUM"",""1LONG"",""2SHORT"",""2MEDIUM"",""2LONG""]" 0.06742896096460783 nan nan nan nan 0.06742896096460783 0.03692244050643634
"HIP 18115 A" 58.09537887573242 -22.882970809936523 24.35 3.120615554030369e-14 404.0461919073776 29.27222679857858 2.7988150312614053 32.58550002735057 0.10246090024233108 70.56450185168019 "HIP 18115 A" Neptunian 42.27951002433828 3.570580539238712 200.0 3.5118073603698226 M2V 0.5146615911503674 3748.9340370997115 0.2751308910021837 5.270510676424847 7.320000000000001 None -16.41178941252925 15.343711474283008 3.530325446376478 0.4774786001123601 0.8994454675944599 7.47064129649472 7.827859926188104 7.064778659043842 7.242436252865643 8.242941121607682 7.498102202704672 7.460426141936813 7.079189682324789 7.0133642045000215 34.84134568318769 35.4390177067182 35.77466111633385 35.36338770141124 36.13903759907355 36.09336799967515 23.072347544433796 23.29409334481094 25.62653049352808 25.626649765286263 35.52455687573568 35.927716970949476 37.0380190119702 36.41167219921379 34.22079373416706 34.51403291208692 35.78537118531851 34.80986163605954 35.39177304796854 35.765021865560264 35.63748295541284 40.611020008022926 35.648665589287404 24.632520484351485 21.957760600335195 [0.0003748340916364434,2.349783729606232e-05,0.000385764742058265,0.0006016270778496909,0.0006026924325157393,0.00046894719957718463] "[""1SHORT"",""1MEDIUM"",""1LONG"",""2SHORT"",""2MEDIUM"",""2LONG""]" 0.0006026924325157393 nan nan nan nan 0.000385764742058265 0.0006026924325157393
"HIP 82256" 252.10592651367188 -72.97479248046875 15.88 7.377866944136461e-13 3137.829963399992 51.63186199052816 1.3057384316996017 32.95563286758593 0.599729001114639 45.0266739870127 "HIP 82256 8" Neptunian 9.714097407723965 2.6657777909350076 200.0 3.126909645078899 M5V 0.4967565748565372 3705.436013488796 0.1949969636594443 5.554155553417366 7.19 None 13.835827790562298 17.839902593996552 2.5870209263250157 1.757197427481181 0.23113006908863878 7.340641296494718 7.697859926188103 6.934778659043841 7.112436252865642 8.112941121607681 7.36810220270467 7.330426141936812 6.949189682324787 6.88336420450002 35.053365376802454 35.14534981022451 37.77905786061691 35.71689488871383 35.845369702579866 38.097764743958216 22.778718283198565 23.00042544831725 25.332967502895638 25.332981868792572 37.52895362001874 36.533407836531765 36.74435111547651 38.41606894349685 34.180556397254556 34.22036501559323 37.78976792960157 35.009127314348575 35.09810515147485 37.76941860984333 37.56353019902935 40.31735211152924 37.65306233357046 24.338852587857794 21.664092703841508 [0.28761700382452676,0.004736731319413892,0.0885201720255687,0.36221307938707126,0.23429997046890594,0.27975451899276677] "[""1SHORT"",""1MEDIUM"",""1LONG"",""2SHORT"",""2MEDIUM"",""2LONG""]" 0.36221307938707126 nan nan nan nan 0.28761700382452676 0.36221307938707126
"HIP 25110" 80.64073944091797 79.23075866699219 20.89 7.568275351321768e-11 611.1416164804201 14.515636388293709 1.0748461709661887 15.375071468090747 0.19549811448483229 28.49084098549072 "HIP 25110 10" Neptunian 97.03192329120587 6.988817105520771 200.0 3.289262371045874 F6V 1.2873773244971212 6481.0089238789 1.491108301971158 4.200755106192143 3.93 None 21.907366799743144 10.722817937075755 4.111702014968921 1.7997899295450428 0.2130478169054221 3.9582436691662917 4.089023459265152 3.9250261195266174 3.9232502246537955 4.217503021031344 3.95966916741417 3.9555918178090494 3.9255953034660007 3.922643173374606 30.66277622991263 33.647890870379214 30.73454801534034 30.773772709197385 34.34791076273457 30.814913368677182 21.280620015479997 21.502966508471957 23.833548759438795 23.835522928947277 30.685385394950877 30.842667054770377 35.24689217563122 30.861626280572917 30.559773204868694 32.722906075747936 30.71896496277558 30.657828936727967 33.60064621162956 30.732552293554136 30.72962856378625 38.819893171683944 30.730259150168827 22.841393648012502 20.16663376399621 [0.0004338819697177767,1.548756215947589e-05,0.0004481909106631052,0.0004633614776826157,0.0005125389083631359,0.00033001143643276147] "[""1SHORT"",""1MEDIUM"",""1LONG"",""2SHORT"",""2MEDIUM"",""2LONG""]" 0.0005125389083631359 nan nan nan nan 0.0004481909106631052 0.0005125389083631359
"HIP 112120" 340.6586608886719 17.667984008789062 21.04 7.120899621515215e-13 593.2802353144043 23.039464307215532 2.5690240073825104 17.410633410907362 0.3575815733496613 57.871169063989086 "HIP 112120 1" Neptunian 93.80696637215433 5.433800842471188 200.0 3.4931827399145647 M3V 0.5110967639156064 3839.195017835037 0.2029651041415703 5.531728006596792 7.1 None 14.380211711373278 11.96967749073041 4.3228067413814095 0.7787510220351032 0.7589275522924127 7.250641296494718 7.607859926188102 6.84477865904384 7.022436252865639 8.02294112160768 7.27810220270467 7.240426141936811 6.859189682324787 6.79336420450002 33.02303044305406 34.20992714053974 33.46622390341909 33.45523634144768 34.909947032895104 33.7849307867604 21.843182206026597 22.06500277863249 24.397236917385015 24.39755919910781 33.21611966282092 33.898214269983896 35.80892844579175 34.10323498629903 32.6241249329421 33.28494234590847 33.47693397240375 33.0006420172007 34.16268248179009 33.45658465264551 33.33607679730661 39.38192944184448 33.34022837637264 23.403429918173035 20.728670034156742 [0.0028657019852609974,0.00011382571495605546,0.002542044436845981,0.004006179195645149,0.004229921248634727,0.0027351310249823916] "[""1SHORT"",""1MEDIUM"",""1LONG"",""2SHORT"",""2MEDIUM"",""2LONG""]" 0.004229921248634727 nan nan nan nan 0.0028657019852609974 0.004229921248634727
"HIP 92283" 282.1214599609375 10.746512413024902 16.86 3.6282238109694617e-12 1521.6035035419036 27.07305439787783 1.8959772680365727 34.78790540783553 0.23066451256971485 51.7071763616193 "HIP 92283 3" Neptunian 34.517736793830395 5.43413137171868 200.0 3.058937127970739 K0V 0.829528427384036 4536.545582559668 0.6672106954807615 4.708372901926241 5.33 None 4.240986325077735 2.234455927479475 3.610028383144301 1.3173462014120345 0.4537425928396247 5.409788958812948 5.722590474103775 5.296144418568828 5.317085102940183 6.077827837241085 5.407639139930001 5.401252532034782 5.305114268038676 5.26285613170968 32.95394590698442 33.72885423146511 33.68463770834025 33.41543955202124 34.428874123820464 33.957846134528175 21.36218000517626 21.583929869557853 23.916338042223888 23.916486290033173 33.57825225435668 33.885512286217136 35.32785553671711 34.21962887992794 32.39928456481733 32.80386943683383 33.66708915967146 32.926538309479824 33.68160957271545 33.67662275071831 33.61922240837532 38.900856532769836 33.62763154506712 22.9223570090984 20.247597125082105 [0.0751107216065884,0.0028054288943404246,0.07114979629261681,0.08213897461595102,0.0641114585158079,0.044001330510494645] "[""1SHORT"",""1MEDIUM"",""1LONG"",""2SHORT"",""2MEDIUM"",""2LONG""]" 0.08213897461595102 nan nan nan nan 0.0751107216065884 0.08213897461595102
"HIP 34890" 108.2809829711914 -63.34634780883789 19.48 5.9392790257907935e-12 922.7200260732927 23.43472504266566 2.2674300166530243 17.44977683533166 0.47489952362752036 139.4148222147495 "HIP 34890 11" Jovian 197.20323327574965 8.67675304384466 200.0 3.4093546395304135 K5V 0.7050228182443542 4175.813009112693 0.5308390384162244 4.8363450929682585 5.99 None -16.040648174094617 17.367960741993183 3.896559686344199 1.1401741073694889 0.555186852438585 6.099004196184867 6.452314477303518 5.8867729725928015 5.960074000119979 6.865904563211929 6.105515423889162 6.089029062475407 5.898354428855787 5.84433090514209 31.373729589183775 33.026375625671676 31.64105102360571 31.762428608040253 33.72639551802703 31.956701854289342 20.659570025986657 20.881451263764422 23.213474699048554 23.21400768423974 31.486264124499176 32.15626875289981 34.62537693092368 32.27414979531392 31.089028284010944 32.1013908310404 31.632130126273633 31.35591959904295 32.979130966922014 31.63160285383935 31.552534699327616 38.198377926976406 31.554921764929574 22.219878403304968 19.545118519288675 [0.0722678968256275,0.0016217191283361696,0.035845582859093936,0.050931366602690285,0.040554644803980563,0.04110778835370301] "[""1SHORT"",""1MEDIUM"",""1LONG"",""2SHORT"",""2MEDIUM"",""2LONG""]" 0.0722678968256275 nan nan nan nan 0.0722678968256275 0.050931366602690285
"HIP 95575" 291.6065673828125 49.46357727050781 25.01 9.606623484225141e-14 565.7021178700531 22.775772966164368 2.4713252001189128 23.173851577272178 0.11882690269843749 104.05954814253016 "HIP 95575 5" Neptunian 17.36624856998858 1.5574655686323764 200.0 3.846024186207901 K3V 0.9210589346271087 4917.344678847713 0.7934295605831202 4.603338293382873 5.5699999999999985 None -22.319588650562448 14.029682572004369 5.760250069339456 0.7072059230421706 0.7958653918609091 5.633321967774066 5.89472485968618 5.546249188315775 5.557342931773684 6.178837655971741 5.63099466093372 5.626492586778269 5.553031979941898 5.520868142114325 34.99135169384409 37.29869323391786 35.12942501139483 35.257590177481475 37.998713126273216 35.34822084810878 24.931732826026234 25.153768872010605 27.485292203256773 27.486325292485922 35.03977492266153 35.49395078577803 38.89769453916986 35.54223985541767 34.81588975148848 36.37370843928658 35.111233217390335 34.98010377548845 37.2514485751682 35.12315182507128 35.088153202055366 42.47069553522259 35.08936365930452 26.492196011551144 23.817436127534858 [4.0458715587934094e-05,1.7956743474195539e-06,3.347821922779005e-05,5.577611644727549e-05,5.532284899238571e-05,3.8663190163355134e-05] "[""1SHORT"",""1MEDIUM"",""1LONG"",""2SHORT"",""2MEDIUM"",""2LONG""]" 5.577611644727549e-05 nan nan nan nan 4.0458715587934094e-05 5.577611644727549e-05
"HIP 1696" 5.331504821777344 -45.74443817138672 17.13 2.6111380076486933e-12 289.9745592119249 5.581836593056744 2.0444715398868096 4.029486581002894 0.4329624054418977 107.0226504442928 "HIP 1696 7" Terran 0.18852065686330713 0.7493797740700072 200.0 2.517110091846198 M0V 0.5256793840372663 3823.8388417760084 0.30451885584540805 5.191560193863456 6.5200000000000005 None -15.882605508518568 5.77087019971827 10.286621238160985 1.1194525445860906 0.5671865337078065 6.670641296494719 7.027859926188103 6.2647786590438415 6.442436252865642 7.4429411216076815 6.698102202704671 6.660426141936813 6.279189682324788 6.213364204500022 34.29245012456477 38.065494025827746 34.32659438541576 34.621157692679226 38.7655139181831 34.645301268757066 25.696996368176933 25.920569663920496 28.248051932425216 28.253126084395813 34.07649014481759 34.94939776966242 39.66449533107975 34.9636054682957 34.25814297134004 37.14050923119647 34.33730445440042 34.281626909185846 38.01824936707809 34.31695513464218 34.200335278271154 43.237496327132476 34.20059885836931 27.258996803461034 24.58423691944475 [1.0801563759775103e-05,8.46403664579752e-07,1.1831877379151153e-05,1.7712182081406822e-05,2.1203295960000122e-05,1.3395653412248145e-05] "[""1SHORT"",""1MEDIUM"",""1LONG"",""2SHORT"",""2MEDIUM"",""2LONG""]" 2.1203295960000122e-05 nan nan nan nan 1.1831877379151153e-05 2.1203295960000122e-05
