sim_data/Simulated_table/Simulated_Pull_MIRIMRS_without_systematics_BT-Settl.ecsv
# %ECSV 1.0
# ---
# datatype:
# - {name: StarName, datatype: string}
# - {name: RA, datatype: float64}
# - {name: Dec, datatype: float64}
# - {name: Distance, unit: pc, datatype: float64}
# - {name: Flux Ratio, datatype: float64}
# - {name: AngSep, unit: mas, datatype: float64}
# - {name: ProjAU, unit: AU, datatype: float64}
# - {name: Phase, unit: rad, datatype: float64}
# - {name: SMA, unit: AU, datatype: float64}
# - {name: Ecc, datatype: float64}
# - {name: Inc, unit: deg, datatype: float64}
# - {name: PlanetName, datatype: string}
# - {name: PlanetType, datatype: string}
# - {name: PlanetMass, unit: earthMass, datatype: float64}
# - {name: PlanetRadius, unit: earthRad, datatype: float64}
# - {name: PlanetTeq, unit: K, datatype: float64}
# - {name: PlanetLogg, unit: dex(cm / s2), datatype: float64}
# - {name: StarSpT, datatype: string}
# - {name: StarMass, unit: solMass, datatype: float64}
# - {name: StarTeff, unit: K, datatype: float64}
# - {name: StarRad, unit: solRad, datatype: float64}
# - {name: StarLogg, unit: dex(cm / s2), datatype: float64}
# - {name: StarKmag, datatype: float64}
# - {name: DiscoveryMethod, datatype: string}
# - {name: StarRadialVelocity, unit: km / s, datatype: float64}
# - {name: StarVsini, unit: km / s, datatype: float64}
# - {name: DeltaRadialVelocity, unit: km / s, datatype: float64}
# - {name: alpha, datatype: float64}
# - {name: g_alpha, datatype: float64}
# - {name: StarINSTRUmag(HARMONI), datatype: float64}
# - {name: StarINSTRUmag(ERIS), datatype: float64}
# - {name: StarINSTRUmag(MIRIMRS), datatype: float64}
# - {name: StarINSTRUmag(NIRCam), datatype: float64}
# - {name: StarJmag, datatype: float64}
# - {name: StarHmag, datatype: float64}
# - {name: StarHKmag, datatype: float64}
# - {name: StarCHANNEL1mag, datatype: float64}
# - {name: StarCHANNEL2mag, datatype: float64}
# - {name: PlanetINSTRUmag(HARMONI)(thermal+reflected), datatype: float64}
# - {name: PlanetINSTRUmag(HARMONI)(thermal), datatype: float64}
# - {name: PlanetINSTRUmag(HARMONI)(reflected), datatype: float64}
# - {name: PlanetINSTRUmag(ERIS)(thermal+reflected), datatype: float64}
# - {name: PlanetINSTRUmag(ERIS)(thermal), datatype: float64}
# - {name: PlanetINSTRUmag(ERIS)(reflected), datatype: float64}
# - {name: PlanetINSTRUmag(MIRIMRS)(thermal+reflected), datatype: float64}
# - {name: PlanetINSTRUmag(MIRIMRS)(thermal), datatype: float64}
# - {name: PlanetINSTRUmag(NIRCam)(thermal+reflected), datatype: float64}
# - {name: PlanetINSTRUmag(NIRCam)(thermal), datatype: float64}
# - {name: PlanetINSTRUmag(NIRCam)(reflected), datatype: float64}
# - {name: PlanetJmag(thermal+reflected), datatype: float64}
# - {name: PlanetJmag(thermal), datatype: float64}
# - {name: PlanetJmag(reflected), datatype: float64}
# - {name: PlanetHmag(thermal+reflected), datatype: float64}
# - {name: PlanetHmag(thermal), datatype: float64}
# - {name: PlanetHmag(reflected), datatype: float64}
# - {name: PlanetHKmag(thermal+reflected), datatype: float64}
# - {name: PlanetHKmag(thermal), datatype: float64}
# - {name: PlanetHKmag(reflected), datatype: float64}
# - {name: PlanetKmag(thermal+reflected), datatype: float64}
# - {name: PlanetKmag(thermal), datatype: float64}
# - {name: PlanetKmag(reflected), datatype: float64}
# - {name: PlanetCHANNEL1mag(thermal), datatype: float64}
[...]
#     StarTeff:
#       __class__: astropy.units.quantity.Quantity
#       unit: *id002
#       value: !astropy.table.SerializedColumn {name: StarTeff}
#     StarVsini:
#       __class__: astropy.units.quantity.Quantity
#       unit: !astropy.units.Unit {unit: km / s}
#       value: !astropy.table.SerializedColumn {name: StarVsini}
# schema: astropy-2.0
StarName RA Dec Distance "Flux Ratio" AngSep ProjAU Phase SMA Ecc Inc PlanetName PlanetType PlanetMass PlanetRadius PlanetTeq PlanetLogg StarSpT StarMass StarTeff StarRad StarLogg StarKmag DiscoveryMethod StarRadialVelocity StarVsini DeltaRadialVelocity alpha g_alpha StarINSTRUmag(HARMONI) StarINSTRUmag(ERIS) StarINSTRUmag(MIRIMRS) StarINSTRUmag(NIRCam) StarJmag StarHmag StarHKmag StarCHANNEL1mag StarCHANNEL2mag PlanetINSTRUmag(HARMONI)(thermal+reflected) PlanetINSTRUmag(HARMONI)(thermal) PlanetINSTRUmag(HARMONI)(reflected) PlanetINSTRUmag(ERIS)(thermal+reflected) PlanetINSTRUmag(ERIS)(thermal) PlanetINSTRUmag(ERIS)(reflected) PlanetINSTRUmag(MIRIMRS)(thermal+reflected) PlanetINSTRUmag(MIRIMRS)(thermal) PlanetINSTRUmag(NIRCam)(thermal+reflected) PlanetINSTRUmag(NIRCam)(thermal) PlanetINSTRUmag(NIRCam)(reflected) PlanetJmag(thermal+reflected) PlanetJmag(thermal) PlanetJmag(reflected) PlanetHmag(thermal+reflected) PlanetHmag(thermal) PlanetHmag(reflected) PlanetHKmag(thermal+reflected) PlanetHKmag(thermal) PlanetHKmag(reflected) PlanetKmag(thermal+reflected) PlanetKmag(thermal) PlanetKmag(reflected) PlanetCHANNEL1mag(thermal) PlanetCHANNEL2mag(thermal) SNR_band name_band SNR_INSTRU SNR_J SNR_H SNR_HK SNR_K SNR_CHANNEL1 SNR_CHANNEL2
[from data line 293]
"HIP 108523" 329.7845764160156 -46.76276779174805 28.88 6.147288657537679e-13 632.2193203348131 19.597632976969653 1.1989781638066517 19.453102005576834 0.11200074655516667 144.3445685892971 "HIP 108523 8" Terran 0.32903229581635207 1.0254567856358028 200.0 2.486558883244691 M4V 0.5975138841399882 3581.002790082214 0.3592889472296306 5.1035279140266985 7.659999999999999 None -10.746049063179623 12.644180216385593 3.0428045236601573 1.7841889325339593 0.21958655043176079 7.828456443627393 8.18049540856196 7.337666211686036 7.568236916928671 8.585487983892454 7.86011955964514 7.8182876228824805 7.352795785709654 7.284494218035812 38.07243318422962 38.51861617535308 39.25342372745833 38.62586395019517 39.21863606770844 39.56589006920847 26.15195694635197 26.373691813445824 28.706162869951793 28.706248233921148 38.967329848510644 39.236416712837304 40.117617480605084 39.87400276492653 37.383011836915266 37.5936313807218 39.26718387223274 38.037742943593045 38.471371516603426 39.24386680792398 39.09587535128912 43.69061847665782 39.11176082944745 27.712118952986373 25.037359068970083 [0.00013831077672670948,1.686784565669932e-06,2.54628929586792e-05,0.00019209826730669328,0.00021385981100213678,6.375066559335768e-05] "[""1SHORT"",""1MEDIUM"",""1LONG"",""2SHORT"",""2MEDIUM"",""2LONG""]" 0.00021385981100213678 nan nan nan nan 0.00013831077672670948 0.00021385981100213678
"HIP 117383" 357.0107421875 49.015750885009766 16.61 1.5341844390547053e-13 959.9436772516923 17.952932301909133 2.04831708434619 13.204976870976841 0.46278074121522167 119.88495728679874 "HIP 117383 8" Terran 0.5311436649147916 0.8175169470039101 200.0 2.8913735592945677 M1V 0.4775819810160171 3607.90050634042 0.15371509373675263 5.7436825314803075 7.930000000000001 None 15.88400837055174 15.264348176151643 4.911135311901664 1.1609510753367143 0.5431651345117667 8.098456443627395 8.450495408561963 7.607666211686038 7.838236916928672 8.855487983892456 8.130119559645141 8.088287622882483 7.622795785709654 7.5544942180358134 37.23103362317869 37.809581387878225 38.19095525414951 37.753932052299234 38.50960128023359 38.503421595899646 25.44290946504484 25.664657025970975 27.997095239905864 27.997213446446295 37.90486137520182 38.316950643663446 39.408582693130235 38.8115342916177 36.60270657827412 36.884596593246954 38.204715398923916 37.19919865728529 37.76233672912858 38.18139833461515 38.03779741451413 42.981583689182955 38.049292356138615 27.00308416551152 24.328324281495227 [0.0005228002329546034,6.0098673766674985e-06,9.386137915205906e-05,0.0008576253428273184,0.0009324225265836963,0.00024997096588447767] "[""1SHORT"",""1MEDIUM"",""1LONG"",""2SHORT"",""2MEDIUM"",""2LONG""]" 0.0009324225265836963 nan nan nan nan 0.0005228002329546034 0.0009324225265836963
"HIP 15323" 49.417152404785156 31.127185821533203 26.68 7.758835445239865e-11 407.9204157051247 18.777820319884125 0.6182176221815996 15.01178741846091 0.509699658804135 68.20270653465244 "HIP 15323 11" Neptunian 65.45155006838128 6.958296224955828 200.0 3.122069191501985 G0V 1.2324545934988855 6128.711336703474 1.1595873778122519 4.400231596358496 5.04 None -25.261768821065846 3.9451084547956006 7.924657276474475 2.4289692850949605 0.03648309973896004 5.0702123302710795 5.2176707527138175 5.0372067194445345 5.032717623975886 5.364200187062721 5.069543695133747 5.067143410075063 5.038399323273919 5.032487952045147 33.17664453688743 34.18863160645404 33.719990162166326 33.473859128767394 34.8886514988094 33.81807721109827 21.82193769361547 22.043707244546788 24.376055339662564 24.37626366502211 33.66861495051923 33.70871177453343 35.78763291170605 33.88181995723424 32.708433493423705 33.26364681182277 33.70239695222244 33.15635279634166 34.14138694770439 33.71756823477171 33.70790273103626 39.360633907758775 33.713870677131524 23.382134384087333 20.707374500071044 [0.0011308601185783306,1.4974220518458409e-05,0.00023037504841659092,0.0017669930408306278,0.002071972488590047,0.0006595036000748927] "[""1SHORT"",""1MEDIUM"",""1LONG"",""2SHORT"",""2MEDIUM"",""2LONG""]" 0.002071972488590047 nan nan nan nan 0.0011308601185783306 0.002071972488590047
"HIP 51317" 157.23292541503906 0.8427780270576477 7.07 1.6148953740810909e-12 374.4511102224365 6.632771470233627 2.7310197167640315 7.228989294014646 0.48960659004584794 66.8419329775415 "HIP 51317 8" Neptunian 70.7967706796744 6.754549846515231 200.0 3.181975708233555 M2V 0.48731275222801834 3748.9340370997115 0.18554950618156837 5.588955797930086 5.290000000000001 None -5.503109484615322 19.153338753607827 7.111619221157486 0.5679373845520287 0.8618295138765302 5.44064129649472 5.797859926188104 5.034778659043841 5.212436252865642 6.212941121607681 5.468102202704671 5.430426141936813 5.049189682324789 4.983364204500021 29.00628803518036 31.3693320610764 29.13702287641675 29.362099789599647 32.069351953431756 29.455729759758057 19.00223828739548 19.224407699169145 21.55569504059987 21.556964119644462 28.886918635818585 29.718213596521927 32.96833336632841 29.774033959296695 28.860423268469685 30.44434726644512 29.14773294540141 28.992316581840246 31.32208740232674 29.127383625643173 29.00997201415416 36.54133436238113 29.011027349370305 20.562834838709687 17.888074954693398 [0.014290197168363095,0.00018299781939826006,0.0028360725119744024,0.020897560711413958,0.024427856815468402,0.007717680026882665] "[""1SHORT"",""1MEDIUM"",""1LONG"",""2SHORT"",""2MEDIUM"",""2LONG""]" 0.024427856815468402 nan nan nan nan 0.014290197168363095 0.024427856815468402
"HIP 15673" 50.47938537597656 52.3321647644043 23.36 4.81867601944178e-13 942.3607336100796 22.044901111903286 1.5174552866880795 28.259299661135383 0.2259706555114574 32.38524616829682 "HIP 15673 4" Terran 0.8228520800740391 1.0348857205055924 200.0 2.876692064217115 K5V 0.7567665613390824 4766.876781934012 0.4952916123969053 4.927307614468614 6.460000000000001 None -12.969924636541371 8.351046745547684 2.6106115066891284 1.5993566234679952 0.30416147384189096 6.531724289665566 6.816510793213051 6.4289173475785475 6.4450833804469765 7.132112225829561 6.530038102465776 6.524103798916895 6.436730007075254 6.399821468868536 37.44757023761587 38.03811926658411 38.390664789291876 37.932351316748296 38.73813915893947 38.634200063511976 25.671459914190436 25.893194904676857 28.225649021895922 28.225751325152174 38.290287329859765 38.426672797067354 39.63712057183612 38.858185004271 36.817237735548936 37.11313447195283 38.37328850044028 37.416994465475526 37.990874607834456 38.38358280969754 38.329816547064304 43.210121567888834 38.342007515983326 27.2316220442174 24.556862160201113 [0.0002982911576017343,3.611376065869985e-06,5.581285781873362e-05,0.00047604615289649645,0.0005007351159532982,0.00013614840145029252] "[""1SHORT"",""1MEDIUM"",""1LONG"",""2SHORT"",""2MEDIUM"",""2LONG""]" 0.0005007351159532982 nan nan nan nan 0.0002982911576017343 0.0005007351159532982
"HIP 82099" 251.55816650390625 16.479145050048828 16.08 9.17279929344354e-13 1146.9388098552724 18.49749834497489 1.6477355372313591 15.083048478784029 0.23685063968569864 162.1343568723472 "HIP 82099 6" Terran 0.8517819465196177 1.4352964053988033 200.0 2.6076003185580516 M5V 0.4497412390302989 3748.9340370997115 0.1664663409286124 5.648377472381371 7.130000000000001 None -24.86704423603881 17.589111767080635 1.5778532259522902 1.5472135531792484 0.33018868133570894 7.280641296494719 7.637859926188103 6.874778659043841 7.0524362528656415 8.052941121607681 7.308102202704671 7.270426141936812 6.889189682324788 6.82336420450002 35.97099886275737 36.516939283145 36.979002624333404 36.50400881170973 37.216959175500364 37.29770950767471 24.15027394883107 24.37201492123775 26.704465178936026 26.70457134171307 36.72889838373524 37.084878912665694 38.11594058839701 37.61601370721335 35.327334488331296 35.59195448851372 36.98971269331806 35.93845995667166 36.469694624395345 36.96936337355983 36.84045151126127 41.688941584449736 36.85300709728696 25.71044206077829 23.035682176762005 [0.001738717283651643,1.9696943000666986e-05,0.0002868763269408626,0.0026104303603694326,0.0030588354700348064,0.0008727500544828384] "[""1SHORT"",""1MEDIUM"",""1LONG"",""2SHORT"",""2MEDIUM"",""2LONG""]" 0.0030588354700348064 nan nan nan nan 0.001738717283651643 0.0030588354700348064
"HIP 44075" 134.68243408203125 -16.13324546813965 21.03 1.3022289629510253e-12 507.3285439042829 10.676935737446664 1.5325294328692232 12.144226412183366 0.2656524965178824 99.1016260011894 "HIP 44075 8" Terran 0.23744896022390707 0.9062348278702075 200.0 2.452243856716177 F8V 1.1101034070848181 6343.880598874681 1.119399888097614 4.38546054456601 4.359999999999999 None -0.26502009661231085 2.578946507707114 8.891750372798457 1.6085811835400194 0.2996490966136883 4.386609083649298 4.519139633104642 4.359124562555035 4.354441449581515 4.649667667585452 4.3862172204274765 4.383946152576791 4.35964336434126 4.356915338607236 34.66891955664461 38.098209666941834 34.71606095294342 34.77144242215068 38.79822955929719 34.79838171450029 25.73059614240835 25.95328530503458 28.28281143399025 28.285841725509897 34.6699260011728 34.83468616749682 39.69721097219384 34.847079574770135 34.59284906319361 37.173224872310556 34.69866864322568 34.66494690867428 38.05096500819217 34.71404905770036 34.71309549393975 43.270211968246564 34.71350566003745 27.29171244457512 24.616952560558833 [3.737184229288243e-05,4.890197671864141e-07,7.406739273423691e-06,5.229015244161077e-05,5.9533586093578544e-05,1.826985334404451e-05] "[""1SHORT"",""1MEDIUM"",""1LONG"",""2SHORT"",""2MEDIUM"",""2LONG""]" 5.9533586093578544e-05 nan nan nan nan 3.737184229288243e-05 5.9533586093578544e-05
"HIP 34739" 107.88197326660156 -49.42619323730469 27.65 1.3372876767506668e-11 607.6466387278763 23.550839364835536 0.7943540001108064 19.706995171837132 0.19788450230910934 116.74389658072496 "HIP 34739 8" Neptunian 57.02078641489858 3.8594464150997485 200.0 3.574138253596087 G8V 0.9980271325497964 5567.728737397792 0.8773946595097646 4.5508200022990675 5.77 None -20.304529191176563 6.051714697676671 5.986264099897516 2.2469336355334164 0.07007010117813033 5.814651020410255 6.01186418882882 5.756639912866916 5.758016957138943 6.2150572493263105 5.813754614336531 5.810027680969119 5.76072633187477 5.741169991685574 34.83304482287515 35.546067647629265 35.626667468619516 35.23407741329702 36.24608753998463 35.77740806447021 23.17940005406136 23.401143285722014 25.733571865285416 25.73369970619733 35.55627193532611 35.596405102529445 37.145068952881275 35.894626419039824 34.25385230921331 34.62108285299799 35.60926093916581 34.80640162183438 35.49882298887961 35.62265944256353 35.59611239731521 40.718069948933994 35.605859809319405 24.739570425262556 22.064810541246267 [0.0010741588878565584,1.3714902199449686e-05,0.00020086329457995973,0.0012811567123388178,0.001449059642971869,0.0004428633178071462] "[""1SHORT"",""1MEDIUM"",""1LONG"",""2SHORT"",""2MEDIUM"",""2LONG""]" 0.001449059642971869 nan nan nan nan 0.0010741588878565584 0.001449059642971869
"HIP 81300" 249.08827209472656 -2.323836088180542 9.75 1.7857874170553621e-12 1506.0591224388927 18.828584210515064 0.8944774894794022 16.678335201535578 0.14070682499758033 98.6618251534018 "HIP 81300 3" Terran 0.8547477281996289 1.1625798863630274 200.0 2.7921474271058706 K1V 0.8698946771001023 5191.846537978043 0.7928972449927607 4.579100482998 3.83 None -10.869241877631907 16.806759570074586 6.724637947768219 2.2379944274794896 0.07207279508498728 3.8870466149262723 4.124798561016647 3.808828448334196 3.8167071461622855 4.378062663670569 3.885542788635802 3.881008459356512 3.814695368771686 3.7868075764921834 35.147221171924315 35.888126100462955 35.91159302176858 35.56753510280175 36.58814599281831 36.105316483883755 23.52145572289406 23.743201738555697 26.075621701620257 26.075758159031018 35.827507913496305 35.96369322142258 37.48712740571496 36.27001311841245 34.579145164041435 34.96314130583168 35.89398405026288 35.12044015620837 35.8408814417133 35.906128967191734 35.868862754005825 41.06012840176768 35.87800483773765 25.081628878096247 22.406868994079954 [0.0014118083124453158,1.9506836124117567e-05,0.00029427962590850335,0.0022673768188343608,0.0022874683700097056,0.0007079491281247633] "[""1SHORT"",""1MEDIUM"",""1LONG"",""2SHORT"",""2MEDIUM"",""2LONG""]" 0.0022874683700097056 nan nan nan nan 0.0014118083124453158 0.0022874683700097056
"HIP 56528" 173.86248779296875 -32.537899017333984 8.88 2.101215607884757e-11 558.9839217236629 6.450839656347575 2.2635697027590473 7.960620106102405 0.4030519332718192 57.098602441006896 "HIP 56528 8" Neptunian 104.08106765665586 5.930526291993771 200.0 3.462340349264326 M2V 0.5261269937942719 3808.609875061861 0.20784327388179255 5.523686262545541 5.62 None 14.6692190355039 1.8431068099920234 6.430870858547467 1.0048265195497224 0.6333975207513722 5.770641296494718 6.127859926188103 5.364778659043841 5.542436252865642 6.54294112160768 5.79810220270467 5.7604261419368115 5.379189682324787 5.3133642045000204 30.112280161707208 32.14681569784869 30.293247850191875 30.48151132750711 32.84683559020405 30.611954733533175 19.779859588067865 20.001891335941437 22.333552253786344 22.334447756416754 30.043143609593706 30.851961503702444 33.7458170031007 30.930258933071816 29.916081911370377 31.22183090321741 30.303957919176533 30.096782138917703 32.09957103909903 30.28360859941829 30.16575678013782 37.31881799915342 30.167252323145426 21.34031847548198 18.66555859146569 [0.016220046594708538,0.00019670426064921997,0.0030210124586541667,0.021452893465852,0.02433303723805764,0.007385343736344405] "[""1SHORT"",""1MEDIUM"",""1LONG"",""2SHORT"",""2MEDIUM"",""2LONG""]" 0.02433303723805764 nan nan nan nan 0.016220046594708538 0.02433303723805764
"HIP 113357" 344.3660583496094 20.76868438720703 15.61 1.742683590454152e-11 2211.1453069795234 35.96332548003832 1.286128208938571 28.977663916052116 0.31000137262236327 107.15553359778649 "HIP 113357 1" Neptunian 123.93411254497033 9.702478880382387 200.0 3.110580531079881 G5V 1.1917430139720653 5706.318906148559 1.212123334266535 4.347156618466124 3.91 None 14.009787486139011 16.887657485939286 5.77237688176051 1.8424696202360573 0.19566881177914378 3.9502525475106074 4.129937866577189 3.8963722110273107 3.8970148489910534 4.3124085914440675 3.9500177592283054 3.946202846265172 3.8994618730984785 3.8845805433259146 31.06456206400674 32.30281803198994 31.48275799484772 31.348146213876266 33.0028379243453 31.61489724316651 19.936097048079166 20.157893670082686 22.49015794964339 22.490450090558006 31.41563385527028 31.576813538400938 33.901819337241946 31.712513377544774 30.66836036161314 31.377833237358665 31.465819543623535 31.046939813828324 32.25557337324028 31.479338472132493 31.46223849930894 37.47482033329467 31.46651952180065 21.49632080962323 18.821560925606942 [0.05732303766002088,0.000727014446382029,0.009707291943552923,0.09993367336864978,0.11813456802566304,0.037195630981617475] "[""1SHORT"",""1MEDIUM"",""1LONG"",""2SHORT"",""2MEDIUM"",""2LONG""]" 0.11813456802566304 nan nan nan nan 0.05732303766002088 0.11813456802566304
