sim_data/Simulated_table/Simulated_Pull_NIRSpec_BT-Settl+PICASO.ecsv
# %ECSV 1.0
# ---
# datatype:
# - {name: StarName, datatype: string}
# - {name: RA, datatype: float64}
# - {name: Dec, datatype: float64}
# - {name: Distance, unit: pc, datatype: float64}
# - {name: Flux Ratio, datatype: float64}
# - {name: AngSep, unit: mas, datatype: float64}
# - {name: ProjAU, unit: AU, datatype: float64}
# - {name: Phase, unit: rad, datatype: float64}
# - {name: SMA, unit: AU, datatype: float64}
# - {name: Ecc, datatype: float64}
# - {name: Inc, unit: deg, datatype: float64}
# - {name: PlanetName, datatype: string}
# - {name: PlanetType, datatype: string}
# - {name: PlanetMass, unit: earthMass, datatype: float64}
# - {name: PlanetRadius, unit: earthRad, datatype: float64}
# - {name: PlanetTeq, unit: K, datatype: float64}
# - {name: PlanetLogg, unit: dex(cm / s2), datatype: float64}
# - {name: StarSpT, datatype: string}
# - {name: StarMass, unit: solMass, datatype: float64}
# - {name: StarTeff, unit: K, datatype: float64}
# - {name: StarRad, unit: solRad, datatype: float64}
# - {name: StarLogg, unit: dex(cm / s2), datatype: float64}
# - {name: StarKmag, datatype: float64}
# - {name: DiscoveryMethod, datatype: string}
# - {name: StarRadialVelocity, unit: km / s, datatype: float64}
# - {name: StarVsini, unit: km / s, datatype: float64}
# - {name: DeltaRadialVelocity, unit: km / s, datatype: float64}
# - {name: alpha, datatype: float64}
# - {name: g_alpha, datatype: float64}
# - {name: StarINSTRUmag(HARMONI), datatype: float64}
# - {name: StarINSTRUmag(ERIS), datatype: float64}
# - {name: StarINSTRUmag(MIRIMRS), datatype: float64}
# - {name: StarINSTRUmag(NIRCam), datatype: float64}
# - {name: StarINSTRUmag(NIRSpec), datatype: float64}
# - {name: StarJmag, datatype: float64}
# - {name: StarHmag, datatype: float64}
# - {name: StarHKmag, datatype: float64}
# - {name: StarCHANNEL1mag, datatype: float64}
# - {name: StarCHANNEL2mag, datatype: float64}
# - {name: PlanetINSTRUmag(HARMONI)(thermal+reflected), datatype: float64}
# - {name: PlanetINSTRUmag(HARMONI)(thermal), datatype: float64}
# - {name: PlanetINSTRUmag(HARMONI)(reflected), datatype: float64}
# - {name: PlanetINSTRUmag(ERIS)(thermal+reflected), datatype: float64}
# - {name: PlanetINSTRUmag(ERIS)(thermal), datatype: float64}
# - {name: PlanetINSTRUmag(ERIS)(reflected), datatype: float64}
# - {name: PlanetINSTRUmag(MIRIMRS)(thermal+reflected), datatype: float64}
# - {name: PlanetINSTRUmag(MIRIMRS)(thermal), datatype: float64}
# - {name: PlanetINSTRUmag(NIRCam)(thermal+reflected), datatype: float64}
# - {name: PlanetINSTRUmag(NIRCam)(thermal), datatype: float64}
# - {name: PlanetINSTRUmag(NIRCam)(reflected), datatype: float64}
# - {name: PlanetINSTRUmag(NIRSpec)(thermal+reflected), datatype: float64}
# - {name: PlanetINSTRUmag(NIRSpec)(thermal), datatype: float64}
# - {name: PlanetINSTRUmag(NIRSpec)(reflected), datatype: float64}
# - {name: PlanetJmag(thermal+reflected), datatype: float64}
# - {name: PlanetJmag(thermal), datatype: float64}
# - {name: PlanetJmag(reflected), datatype: float64}
# - {name: PlanetHmag(thermal+reflected), datatype: float64}
# - {name: PlanetHmag(thermal), datatype: float64}
# - {name: PlanetHmag(reflected), datatype: float64}
# - {name: PlanetHKmag(thermal+reflected), datatype: float64}
# - {name: PlanetHKmag(thermal), datatype: float64}
[...]
#       value: !astropy.table.SerializedColumn {name: StarTeff}
#     StarVsini:
#       __class__: astropy.units.quantity.Quantity
#       unit: !astropy.units.Unit {unit: km / s}
#       value: !astropy.table.SerializedColumn {name: StarVsini}
# schema: astropy-2.0
StarName RA Dec Distance "Flux Ratio" AngSep ProjAU Phase SMA Ecc Inc PlanetName PlanetType PlanetMass PlanetRadius PlanetTeq PlanetLogg StarSpT StarMass StarTeff StarRad StarLogg StarKmag DiscoveryMethod StarRadialVelocity StarVsini DeltaRadialVelocity alpha g_alpha StarINSTRUmag(HARMONI) StarINSTRUmag(ERIS) StarINSTRUmag(MIRIMRS) StarINSTRUmag(NIRCam) StarINSTRUmag(NIRSpec) StarJmag StarHmag StarHKmag StarCHANNEL1mag StarCHANNEL2mag PlanetINSTRUmag(HARMONI)(thermal+reflected) PlanetINSTRUmag(HARMONI)(thermal) PlanetINSTRUmag(HARMONI)(reflected) PlanetINSTRUmag(ERIS)(thermal+reflected) PlanetINSTRUmag(ERIS)(thermal) PlanetINSTRUmag(ERIS)(reflected) PlanetINSTRUmag(MIRIMRS)(thermal+reflected) PlanetINSTRUmag(MIRIMRS)(thermal) PlanetINSTRUmag(NIRCam)(thermal+reflected) PlanetINSTRUmag(NIRCam)(thermal) PlanetINSTRUmag(NIRCam)(reflected) PlanetINSTRUmag(NIRSpec)(thermal+reflected) PlanetINSTRUmag(NIRSpec)(thermal) PlanetINSTRUmag(NIRSpec)(reflected) PlanetJmag(thermal+reflected) PlanetJmag(thermal) PlanetJmag(reflected) PlanetHmag(thermal+reflected) PlanetHmag(thermal) PlanetHmag(reflected) PlanetHKmag(thermal+reflected) PlanetHKmag(thermal) PlanetHKmag(reflected) PlanetKmag(thermal+reflected) PlanetKmag(thermal) PlanetKmag(reflected) PlanetCHANNEL1mag(thermal) PlanetCHANNEL2mag(thermal) SNR_band name_band SNR_INSTRU SNR_J SNR_H SNR_HK SNR_K SNR_CHANNEL1 SNR_CHANNEL2
[from data line 1500]
"HIP 32919" 102.88585662841797 47.369503021240234 18.56 1.9813234962705354e-11 820.4317319006615 15.97746736122301 1.878462367515964 15.755154887080636 0.1214864826062016 150.3042046677572 "HIP 32919 6" Neptunian 77.22168439577064 6.442967916567364 200.0 3.2607224149141523 K2V 0.7264486309368112 4250.693596274789 0.5111099757487103 4.882243821903365 5.9 None 4.162573848651185 5.636219787638179 3.168874910839326 1.4202048203684403 0.39691021891938644 6.009004196184867 6.362314477303518 5.796772972592801 5.870074000119978 6.409961309876189 6.7759045632119275 6.015515423889162 5.999029062475407 5.808354428855786 5.75433090514209 32.036220767585455 33.56767706277693 32.33993859446362 32.433879551697366 34.26769695513229 32.655589425147255 21.200895693457134 21.422717404958128 23.754848127540924 23.755309121344993 32.18515169535709 26.599838507368737 26.321131764931273 32.685299088972364 32.83724606151348 35.16667836802894 32.97303736617182 31.722081573180212 32.64269226814565 32.33101769713155 32.01875183310626 33.520432404027275 32.33049042469726 32.251513909575145 38.73967936408166 32.25380933578749 22.761160527919003 20.086394841748394 [1.2950509911987231e-06,1.4714615146711779e-05,1.361046220176057e-06,0.08420194159211446,2.530178819610874e-06,2.1421186171047088e-05,2.4774425866378475e-06,0.13898357176414505] "[""G140M-F070"",""G140M-F100"",""G235M-F170"",""G395M-F290"",""G140H-F070"",""G140H-F100"",""G235H-F170"",""G395H-F290""]" 0.13898357176414505 nan nan nan nan nan nan
"HIP 71855" 220.46743774414062 -75.13943481445312 20.0 2.5515090107893968e-11 1152.7940774152412 31.708788926983896 0.8141076595728673 25.565529374497277 0.40247020191509725 55.75312730486247 "HIP 71855 6" Jovian 181.72051337526787 8.798559819296846 200.0 3.361735854930839 G5V 0.9450129424797163 5567.728737397792 0.9047526142373433 4.500445690450075 5.07 None 27.027203522290492 17.82043591601 4.734957947459052 2.174249849354829 0.08735183677690558 5.114651020410256 5.311864188828821 5.056639912866917 5.0580169571389435 5.350394197318921 5.51505724932631 5.113754614336532 5.110027680969119 5.060726331874771 5.041169991685575 32.48639274548602 33.05330907013834 33.46305824741703 32.928749042783224 33.7533289624937 33.61379884326772 20.68665229202108 20.908349412319538 23.240846718965944 23.240941128706403 33.39266271412362 26.08804044695229 25.806763772292683 33.6310842199706 33.342252672803426 34.65231037539035 33.73101719783733 31.845511203288304 32.12832427550706 33.44565171796332 32.457292078942686 33.006064411388685 33.45905022136104 33.42967860742505 38.22531137144307 33.44225058811692 22.246792535280413 19.572026849109804 [1.635366861814273e-06,2.3247983220936176e-05,7.933954045594395e-07,0.12049436800863148,2.788379211956264e-06,2.850284377380947e-05,1.4260263299967942e-06,0.17864121452430753] "[""G140M-F070"",""G140M-F100"",""G235M-F170"",""G395M-F290"",""G140H-F070"",""G140H-F100"",""G235H-F170"",""G395H-F290""]" 0.17864121452430753 nan nan nan nan nan nan
"HIP 91262" 279.2341003417969 38.78299331665039 7.68 4.558895423479553e-11 213.43542103839172 2.276724957555543 2.3378270025048966 1.9738432337960594 0.17055356526406376 63.96116931337016 "HIP 91262 7" Neptunian 2.0764883857244536 1.8516808141485916 745.0759935748612 2.773352334844937 A0V 2.549191223626345 10125.237191650855 2.298300416515485 4.121656450390418 0.019999999999999997 None -19.531982714941577 3.7470404161830917 30.412703596989466 0.8975117467254021 0.6942626609007188 0.021957234221807002 0.007844737474197403 0.04767380924320205 0.03199619887649041 0.00599684356418472 -0.0034616596612173384 0.023332131190633085 0.022398914864163694 0.04533217894785908 0.05614005641942649 20.049742711390547 20.08402304924706 23.81853584903648 20.23302129428349 20.275645499401147 23.76943374180042 15.458764725626589 16.0565858377485 18.26613212762765 18.271632270335257 24.007256943175115 20.06913229172318 19.84682113137617 23.742745743288474 20.188265415229818 20.246715986981915 23.686310389860164 19.746404398798987 19.77887428968891 23.74463984633977 20.00805033175258 20.04611261207829 23.810966311969636 19.692853438383345 19.71662055965616 23.779410695850526 16.54295762371938 15.172731746027736 [0.0007969142395011164,0.002235033905045649,0.0037572166872780425,0.017419556430895104,0.0015371815565659685,0.003722307476018442,0.006659065368213067,0.032078298014191126] "[""G140M-F070"",""G140M-F100"",""G235M-F170"",""G395M-F290"",""G140H-F070"",""G140H-F100"",""G235H-F170"",""G395H-F290""]" 0.032078298014191126 nan nan nan nan nan nan
"HIP 36208" 111.8506851196289 5.234764099121094 3.76 2.6479067672972496e-10 3178.8807681762737 16.9781200844538 0.781013704982477 17.847742686978073 0.11824545272578997 132.41616316228257 "HIP 36208 6" Jovian 1843.5982943006684 12.328043018140052 200.0 4.07503309727635 M4V 0.4307833993738453 3691.1685428724395 0.09114148071891114 6.152894426290875 4.889999999999999 None 12.272817003760409 9.84298392918814 3.4380854640994007 2.1227080402056564 0.10100169253458344 5.058456443627391 5.410495408561959 4.567666211686035 4.798236916928669 5.444428009691709 5.815487983892453 5.090119559645139 5.048287622882479 4.582795785709652 4.514494218035811 28.628046089222817 28.69168556586738 31.739704709440147 29.30187013390727 29.391705458222745 32.052171051190285 16.325055410749002 16.546725908048582 18.879307485204635 18.87931762443545 31.453610830492455 21.727330161721117 21.44514026802173 32.06739236508315 30.13545578685242 30.29068687111939 32.36028374690834 27.73948212604254 27.76670077123611 31.753464854214553 28.58305555110116 28.64444090711773 31.73014778990579 31.471435371899915 33.86368786717212 31.598041811429255 17.885169031009458 15.210403344838848 [0.00011492111249421043,0.0015698790765049698,3.6574748579925246e-05,6.256380786051338,0.00020726548527232367,0.0019582647888444714,6.428114106908457e-05,9.235086317224598] "[""G140M-F070"",""G140M-F100"",""G235M-F170"",""G395M-F290"",""G140H-F070"",""G140H-F100"",""G235H-F170"",""G395H-F290""]" 9.235086317224598 nan nan nan nan nan nan
"HIP 7765" 24.9832706451416 15.259445190429688 12.2 1.6191064206888567e-12 1576.0436952241353 22.840629426059547 2.1409435736655147 16.887573068958737 0.40984074549449306 131.2608549184807 "HIP 7765 12" Neptunian 50.67836827472199 3.6534616266271978 200.0 3.570568604760512 K0V 0.5841369011154236 4212.905144216474 0.3251265652815063 5.1804773575429355 6.33 None -0.7005070551564643 12.627378456358747 4.164631058321469 1.1530051330266553 0.5477610509503119 6.439004196184866 6.792314477303517 6.226772972592801 6.300074000119978 6.839961309876188 7.205904563211928 6.445515423889162 6.429029062475406 6.238354428855786 6.184330905142089 33.092237608645775 33.88849344950307 33.80282133866264 33.57567745216183 34.58851334185844 34.118472169346276 21.521813025748358 21.74353379168427 24.075964470007683 24.076125508071144 33.64803443955611 26.92296550349748 26.641948151657424 34.148181833171385 34.085040636686294 35.48749475475508 34.435920110370844 32.54807085845752 32.9635086548718 33.79390044133057 33.06541113073931 33.841248790753426 33.79337316889628 33.709272540126555 39.0604957508078 33.71669207998651 23.081976914645146 20.40721122847454 [1.7831650437550095e-06,2.171785609043509e-05,9.189479547537132e-07,0.10621667111923268,4.341621382716381e-06,4.03925429420032e-05,2.078842879184604e-06,0.23212445048086444] "[""G140M-F070"",""G140M-F100"",""G235M-F170"",""G395M-F290"",""G140H-F070"",""G140H-F100"",""G235H-F170"",""G395H-F290""]" 0.23212445048086444 nan nan nan nan nan nan
"HIP 83000" 254.4178009033203 9.375056266784668 28.04 8.484956941273564e-14 938.0450232026194 42.62856193973831 2.476639187339283 37.04355282924812 0.19436139740932415 117.22633968737803 "HIP 83000 2" Neptunian 13.297595935480912 2.885321739664064 200.0 3.194539718213617 K2III 2.3716063748527887 4388.740774370938 10.470179743208018 2.7732019616687533 0.6600000000000001 None -24.175754674168637 9.50811974531388 6.70137947415989 0.7957393595394665 0.749908776316513 0.7516569646735614 1.0944713818047354 0.6150454570215855 0.6525357039734003 1.1451521584059774 1.4945432980033866 0.7514355010486526 0.7415188358934144 0.6284762656703065 0.5658042172051607 29.988583907189955 36.208135853600986 29.992120708882474 30.294810842114458 36.90815574595634 30.297270519799536 23.827383931182297 24.063176195782184 26.352739807806277 26.395767912169052 29.87911307677519 28.93606671541141 28.96159055575533 30.32992755551911 30.600385042591785 37.80713715885299 30.602195350727385 29.966020619878297 35.28315105896971 29.97687841126606 29.98033881536945 36.16089119485133 29.982466178606746 29.92261451022876 41.38013815490572 29.92237939441968 25.401619318743055 22.72685363257245 [8.228461443486107e-07,1.590147630791228e-06,1.497984868247807e-06,0.001154011668242652,1.1312324815598012e-06,2.416332288790598e-06,2.7307558243964407e-06,0.0016406857666371062] "[""G140M-F070"",""G140M-F100"",""G235M-F170"",""G395M-F290"",""G140H-F070"",""G140H-F100"",""G235H-F170"",""G395H-F290""]" 0.0016406857666371062 nan nan nan nan nan nan
"HIP 72603" 222.67193603515625 -15.997092247009277 22.98 9.877786389650862e-13 1581.5704555971913 36.381412320275764 1.5257393635445644 27.779032378345725 0.5329654179945861 23.313028448716253 "HIP 72603 3" Neptunian 5.29936002582057 2.388871861091394 200.0 2.9589927977017436 F3V 1.3879862158480103 6880.2418186516725 1.409284275949165 4.282455567792328 4.130000000000001 None -10.003124652988827 17.98395393764669 2.6348464062241748 1.5886227267954525 0.3094477305748977 4.150804693805843 4.255348681878698 4.131551122567159 4.127954145760912 4.282128595383144 4.3569461821870705 4.151208826742606 4.148894403039672 4.131581630934724 4.1312015066491705 33.98408923260785 36.18600289455373 34.13728160573293 34.10301768789295 36.886022786909095 34.190077536575565 23.819089098225486 24.041043236734932 26.37275419557156 26.373634953121798 34.10036440742614 29.21088841857609 28.93945759670808 34.19340334473451 34.17176471596018 37.78500419980574 34.211656489868965 33.79415888830656 35.26101809992245 34.120585691026506 33.97830396696809 36.13875823580408 34.13602868899581 34.13959873341673 41.35800519585846 34.140405719490815 25.379486359695807 22.7047206735252 [1.9939143837539464e-07,1.383994411507358e-06,2.271205785177861e-07,0.005351000563355316,2.3000030181818324e-07,1.3147137782291814e-06,3.341162801403092e-07,0.0073909306385831226] "[""G140M-F070"",""G140M-F100"",""G235M-F170"",""G395M-F290"",""G140H-F070"",""G140H-F100"",""G235H-F170"",""G395H-F290""]" 0.0073909306385831226 nan nan nan nan nan nan
"HIP 29810" 94.16484069824219 25.20707893371582 22.32 4.309573798573622e-13 1443.954879926539 33.538572813181275 1.2904345919670084 21.946537969374553 0.5286843774291782 100.42370654596702 "HIP 29810 11" Neptunian 7.413534618113 1.3205020349752215 200.0 3.6197022521987265 K2V 0.7065554461855034 4493.257891951655 0.4575383333191158 4.966358903946455 6.750000000000001 None 2.459072084116009 1.2900789754687225 5.256092177175211 1.8464092298449593 0.19410268376129355 6.8388416074368985 7.179971657808569 6.711295051963954 6.741397159504746 7.231797760408419 7.577281901483755 6.836337571274356 6.82936176263213 6.7213337667563415 6.6741616167737 36.95104434910523 37.40999262428465 38.10734857370568 37.497334295743485 38.11001251664001 38.41053560136587 25.043341945128297 25.265032966465846 27.597549466437204 27.59762468285271 37.99611629187381 30.445094763154227 30.163447326438995 38.4443135036975 38.09571197254076 39.00899392953666 38.712525836046865 36.26171561194863 36.48500782965337 38.089691818366546 36.91759962623214 37.36274796553499 38.098378503513466 38.02507393023579 42.58199492558938 38.041076480091085 26.60347608942672 23.92871040325611 [7.888644419317505e-08,9.740300602934248e-07,3.10876285822357e-08,0.006411695520200388,2.1301469354126907e-07,1.9972372312019896e-06,7.65244776124209e-08,0.012007454410221871] "[""G140M-F070"",""G140M-F100"",""G235M-F170"",""G395M-F290"",""G140H-F070"",""G140H-F100"",""G235H-F170"",""G395H-F290""]" 0.012007454410221871 nan nan nan nan nan nan
"HIP 21832" 70.39956665039062 42.119483947753906 27.57 4.476283573004278e-13 1025.1496520067785 28.658427769125915 1.7370288627026085 31.095064172867165 0.10135757900043223 108.31117117277664 "HIP 21832 8" Neptunian 2.469668678066326 1.5373040962863531 200.0 3.0102742069304633 G2V 1.0180351045684277 5852.509413999555 0.8721847951719572 4.5646133585303135 5.65 None 20.79753409559823 16.69260026411043 5.1163849180296666 1.4130535565729938 0.40079020450019914 5.6902525475106085 5.86993786657719 5.636372211027311 5.637014848991053 5.906333460464241 6.052408591444067 5.690017759228306 5.686202846265172 5.63946187309848 5.624580543325914 36.21691903598342 37.53860195557507 36.598024307318575 36.488549379950214 38.238621847930425 36.73016355563737 25.171869849251948 25.39364229775626 27.725907582259907 27.72623401414313 36.53090016774113 30.570820074495067 30.29205665772941 36.74492626421992 36.70477590165646 39.13760326082707 36.827779690015625 35.843921632711194 36.61361716094379 36.58108585609439 36.20158301479482 37.49135729682541 36.59460478460335 36.578563661956956 42.71060425687979 36.5817858342715 26.732085420717134 24.057319734546528 [3.293863492307818e-08,3.877514578525712e-07,3.288095123027246e-08,0.00239683376967568,5.7399882727779615e-08,5.503469680610406e-07,5.965224769045506e-08,0.004197988314153121] "[""G140M-F070"",""G140M-F100"",""G235M-F170"",""G395M-F290"",""G140H-F070"",""G140H-F100"",""G235H-F170"",""G395H-F290""]" 0.004197988314153121 nan nan nan nan nan nan
