sim_data/Simulated_table/Simulated_Pull_HARMONI_NO_SP_JQ1_BT-Settl+PICASO.ecsv
# %ECSV 1.0
# ---
# datatype:
# - {name: StarName, datatype: string}
# - {name: RA, datatype: float64}
# - {name: Dec, datatype: float64}
# - {name: Distance, unit: pc, datatype: float64}
# - {name: Flux Ratio, datatype: float64}
# - {name: AngSep, unit: mas, datatype: float64}
# - {name: ProjAU, unit: AU, datatype: float64}
# - {name: Phase, unit: rad, datatype: float64}
# - {name: SMA, unit: AU, datatype: float64}
# - {name: Ecc, datatype: float64}
# - {name: Inc, unit: deg, datatype: float64}
# - {name: PlanetName, datatype: string}
# - {name: PlanetType, datatype: string}
# - {name: PlanetMass, unit: earthMass, datatype: float64}
# - {name: PlanetRadius, unit: earthRad, datatype: float64}
# - {name: PlanetTeq, unit: K, datatype: float64}
# - {name: PlanetLogg, unit: dex(cm / s2), datatype: float64}
# - {name: StarSpT, datatype: string}
# - {name: StarMass, unit: solMass, datatype: float64}
# - {name: StarTeff, unit: K, datatype: float64}
# - {name: StarRad, unit: solRad, datatype: float64}
# - {name: StarLogg, unit: dex(cm / s2), datatype: float64}
# - {name: StarKmag, datatype: float64}
# - {name: DiscoveryMethod, datatype: string}
# - {name: StarRadialVelocity, unit: km / s, datatype: float64}
# - {name: StarVsini, unit: km / s, datatype: float64}
# - {name: DeltaRadialVelocity, unit: km / s, datatype: float64}
# - {name: alpha, datatype: float64}
# - {name: g_alpha, datatype: float64}
# - {name: StarINSTRUmag(HARMONI), datatype: float64}
# - {name: StarINSTRUmag(ERIS), datatype: float64}
# - {name: StarINSTRUmag(MIRIMRS), datatype: float64}
# - {name: StarINSTRUmag(NIRCam), datatype: float64}
# - {name: StarJmag, datatype: float64}
# - {name: StarHmag, datatype: float64}
# - {name: StarHKmag, datatype: float64}
# - {name: StarCHANNEL1mag, datatype: float64}
# - {name: StarCHANNEL2mag, datatype: float64}
# - {name: PlanetINSTRUmag(HARMONI)(thermal+reflected), datatype: float64}
# - {name: PlanetINSTRUmag(HARMONI)(thermal), datatype: float64}
# - {name: PlanetINSTRUmag(HARMONI)(reflected), datatype: float64}
# - {name: PlanetINSTRUmag(ERIS)(thermal+reflected), datatype: float64}
# - {name: PlanetINSTRUmag(ERIS)(thermal), datatype: float64}
# - {name: PlanetINSTRUmag(ERIS)(reflected), datatype: float64}
# - {name: PlanetINSTRUmag(MIRIMRS)(thermal+reflected), datatype: float64}
# - {name: PlanetINSTRUmag(MIRIMRS)(thermal), datatype: float64}
# - {name: PlanetINSTRUmag(NIRCam)(thermal+reflected), datatype: float64}
# - {name: PlanetINSTRUmag(NIRCam)(thermal), datatype: float64}
# - {name: PlanetINSTRUmag(NIRCam)(reflected), datatype: float64}
# - {name: PlanetJmag(thermal+reflected), datatype: float64}
# - {name: PlanetJmag(thermal), datatype: float64}
# - {name: PlanetJmag(reflected), datatype: float64}
# - {name: PlanetHmag(thermal+reflected), datatype: float64}
# - {name: PlanetHmag(thermal), datatype: float64}
# - {name: PlanetHmag(reflected), datatype: float64}
# - {name: PlanetHKmag(thermal+reflected), datatype: float64}
# - {name: PlanetHKmag(thermal), datatype: float64}
# - {name: PlanetHKmag(reflected), datatype: float64}
# - {name: PlanetKmag(thermal+reflected), datatype: float64}
# - {name: PlanetKmag(thermal), datatype: float64}
# - {name: PlanetKmag(reflected), datatype: float64}
# - {name: PlanetCHANNEL1mag(thermal), datatype: float64}
[...]
#     StarTeff:
#       __class__: astropy.units.quantity.Quantity
#       unit: *id002
#       value: !astropy.table.SerializedColumn {name: StarTeff}
#     StarVsini:
#       __class__: astropy.units.quantity.Quantity
#       unit: !astropy.units.Unit {unit: km / s}
#       value: !astropy.table.SerializedColumn {name: StarVsini}
# schema: astropy-2.0
StarName RA Dec Distance "Flux Ratio" AngSep ProjAU Phase SMA Ecc Inc PlanetName PlanetType PlanetMass PlanetRadius PlanetTeq PlanetLogg StarSpT StarMass StarTeff StarRad StarLogg StarKmag DiscoveryMethod StarRadialVelocity StarVsini DeltaRadialVelocity alpha g_alpha StarINSTRUmag(HARMONI) StarINSTRUmag(ERIS) StarINSTRUmag(MIRIMRS) StarINSTRUmag(NIRCam) StarJmag StarHmag StarHKmag StarCHANNEL1mag StarCHANNEL2mag PlanetINSTRUmag(HARMONI)(thermal+reflected) PlanetINSTRUmag(HARMONI)(thermal) PlanetINSTRUmag(HARMONI)(reflected) PlanetINSTRUmag(ERIS)(thermal+reflected) PlanetINSTRUmag(ERIS)(thermal) PlanetINSTRUmag(ERIS)(reflected) PlanetINSTRUmag(MIRIMRS)(thermal+reflected) PlanetINSTRUmag(MIRIMRS)(thermal) PlanetINSTRUmag(NIRCam)(thermal+reflected) PlanetINSTRUmag(NIRCam)(thermal) PlanetINSTRUmag(NIRCam)(reflected) PlanetJmag(thermal+reflected) PlanetJmag(thermal) PlanetJmag(reflected) PlanetHmag(thermal+reflected) PlanetHmag(thermal) PlanetHmag(reflected) PlanetHKmag(thermal+reflected) PlanetHKmag(thermal) PlanetHKmag(reflected) PlanetKmag(thermal+reflected) PlanetKmag(thermal) PlanetKmag(reflected) PlanetCHANNEL1mag(thermal) PlanetCHANNEL2mag(thermal) SNR_band name_band SNR_INSTRU SNR_J SNR_H SNR_HK SNR_K SNR_CHANNEL1 SNR_CHANNEL2
[from data line 291]
"HIP 41554 A" 127.09520721435547 35.01725387573242 19.68 4.454738186211804e-12 343.53852808864525 7.50341751338063 2.0194439300453104 6.306460353445549 0.2230883029595774 111.09193519720628 "HIP 41554 A" Neptunian 15.633102129067824 3.1758315584479235 200.0 3.181485327028474 M0V 0.5565710601445284 3691.1685428724395 0.29549717219043736 5.242481589643558 6.83 None -14.173435479318377 2.944112701282 8.255863474949667 1.1541585758270887 0.5470937585267274 6.9984564436273935 7.350495408561962 6.507666211686036 6.73823691692867 7.755487983892455 7.03011955964514 6.988287622882481 6.522795785709653 6.454494218035812 32.44534952943911 35.23105521747749 32.53156721239638 32.78257834757878 35.93107510983285 32.84403355414652 22.863649178633054 23.08609555965869 25.41667073750444 25.418687276045556 32.24547333344869 33.11606153483349 36.83005652272949 33.15214624986457 32.347247182262436 34.30607042284621 32.54532735717079 32.43288604740606 35.183810558727835 32.52201029286203 32.38968245548113 40.40305751878222 32.38990431438549 24.424538682619563 21.749772996448954 [0.00020832592621663148,0.0002777031692210478,0.00026587579440363917,9.683970757222454e-05,6.196983599379771e-05,9.305164582018437e-05] "[""HK"",""H"",""H_high"",""K"",""K1_high"",""K2_high""]" 0.0002777031692210478 nan 0.0002777031692210478 0.00020832592621663148 9.683970757222454e-05 nan nan
"HIP 63618" 195.58663940429688 -26.786617279052734 17.81 2.6182581584980326e-13 1767.345238463458 31.946666368614885 1.7425870551824392 29.552732465110477 0.29208437809188276 110.44051582949895 "HIP 63618 4" Neptunian 2.751326951225017 1.380366287015485 200.0 3.150708596611887 K4V 0.7212064544377736 4269.855325050131 0.6496711573059385 4.670740059436086 5.24 None 0.8086346570691241 11.69153065353983 4.3599601249663955 1.4099199180447557 0.4024940763871862 5.349004196184866 5.702314477303517 5.1367729725928015 5.210074000119978 6.115904563211928 5.3555154238891625 5.339029062475406 5.148354428855786 5.09433090514209 35.8253166729991 36.82356492495926 36.37610351310939 36.2773071739508 37.523584817314614 36.69175434379302 24.456863073336088 24.67860526714045 27.010972268806217 27.01119698352732 36.22131661400286 36.74793878593051 38.42256623021126 37.0092022848176 35.354548299530386 35.89858013032797 36.367182615777324 35.80078187261309 36.776320266209595 36.366655343343034 36.284802685863404 41.99556722626398 36.289974254433254 26.017048390101326 23.34228270393072 [1.992909245847223e-05,2.735335179999139e-05,2.748241048924684e-05,1.372048344956757e-06,9.666113813666783e-07,1.4100896819497755e-06] "[""HK"",""H"",""H_high"",""K"",""K1_high"",""K2_high""]" 2.748241048924684e-05 nan 2.748241048924684e-05 1.992909245847223e-05 1.4100896819497755e-06 nan nan
"HIP 30314" 95.62897491455078 -60.218807220458984 23.78 6.2354303783326916e-15 347.9572365848984 21.224878717437672 2.741128860032255 21.811229264736063 0.02758017993901257 100.49416151500793 "HIP 30314 5" Terran 0.8085595777097817 0.9677959387860544 200.0 2.927299517186077 G1V 1.1256052588198882 5928.662795375081 1.0402897947063325 4.455145064638051 5.04 None 14.195851204011404 14.012269107641071 6.6530515324282575 0.43829363067552224 0.9142402699106332 5.074824203950797 5.237039682285927 5.03322997438961 5.030156243582502 5.399774692142289 5.074453835971017 5.0713194292740855 5.035175739594698 5.025678933336117 35.250859450892236 38.222357321844605 35.32204885007684 35.392818426030665 38.92237721419996 35.435717948594785 25.855092495932457 26.077397664025803 28.408021875631956 28.409989380412668 35.26352678865462 35.494344940213 39.82135862709661 35.51471472463271 35.14286214317138 37.29737252721333 35.3048416657774 35.245287927358824 38.17511266309495 35.31918495790375 35.31129338282036 43.394359623149334 35.311303708672426 27.415840786986678 24.74107510081607 [5.275427271901357e-06,7.10400952844661e-06,6.936779749091378e-06,2.9883107516135407e-06,2.011262959217451e-06,3.0321376067070713e-06] "[""HK"",""H"",""H_high"",""K"",""K1_high"",""K2_high""]" 7.10400952844661e-06 nan 7.10400952844661e-06 5.275427271901357e-06 3.0321376067070713e-06 nan nan
"HIP 21988" 70.89749908447266 27.688045501708984 21.93 7.86960210937786e-12 410.5798107431246 9.004260476726808 1.5634159895765936 6.337067131697558 0.5138092913294937 21.07049774145753 "HIP 21988 1" Neptunian 14.549360922928782 2.819531599517931 200.0 3.253645066927925 K5III 0.8089421083814503 4969.761180642741 0.6937828817298711 4.663537910043012 5.76 None 19.64627622007243 11.047703443462 3.8259393451330377 1.5734496578804271 0.3169843426729055 5.823321967774067 6.0847248596861805 5.736249188315776 5.7473429317736855 6.368837655971742 5.820994660933721 5.816492586778271 5.743031979941899 5.710868142114326 32.17418984592121 35.72452537419429 32.21458740803253 32.40623025870454 36.42454526654965 32.43338324474648 23.35675078751397 23.57956571637549 25.90861009367459 25.912157432762356 32.124937319299235 32.61313246586396 37.3235266794463 32.62740225205537 32.100502165917526 34.799540579563015 32.19639561402804 32.16665843758903 35.67728071544464 32.20831422170899 32.17474953550804 40.896527675499016 32.17452605594222 24.918008839336366 22.243243153165754 [8.097386904259986e-05,0.00010559728066872506,9.71570373338515e-05,7.970190748171746e-05,5.1751916913380386e-05,7.791136805452534e-05] "[""HK"",""H"",""H_high"",""K"",""K1_high"",""K2_high""]" 0.00010559728066872506 nan 0.00010559728066872506 8.097386904259986e-05 7.970190748171746e-05 nan nan
"HIP 4845" 15.587995529174805 -10.423428535461426 20.38 9.218768923068067e-12 1186.9460229584552 30.537263586051573 0.9143165353892109 25.87329737520238 0.349667961763445 125.84162074285736 "HIP 4845 5" Neptunian 82.38299931694998 4.457818227122711 200.0 3.608747969968205 K7V 0.6084568778492815 3950.392766032684 0.4081122324457997 5.000738207568487 6.460000000000001 None -17.34963744861586 2.4278998865772428 3.703375368455828 2.0883536153363056 0.11074988161430445 6.58862835552818 6.948937888647246 6.2859084966883 6.407970869324987 7.370864702513529 6.604324347101117 6.578311711842261 6.299188215241913 6.237864079527093 34.349335264314476 34.570626167261366 36.183028630966895 34.96868650268889 35.27064605961672 36.50560823966119 22.203987620716127 22.425666509442564 24.758223115588926 24.75825822582943 35.983966959571426 35.698090983959204 36.16962747251337 36.83086226916452 33.54545358431657 33.64564137263009 36.1828609098789 34.308938317165634 34.52338150851171 36.17325800435103 36.04178937540555 39.742628468566096 36.07783109567512 23.76410963240344 21.08934394623283 [0.0002842767883478814,0.0003862541113212491,0.0003833267207666508,3.6320970051316327e-06,2.2364418728706594e-06,2.8772219203593313e-06] "[""HK"",""H"",""H_high"",""K"",""K1_high"",""K2_high""]" 0.0003862541113212491 nan 0.0003862541113212491 0.0002842767883478814 3.6320970051316327e-06 nan nan
"HIP 102766" 312.3180847167969 32.285438537597656 24.05 4.669738806439492e-15 416.654164177901 42.487666210713385 2.9035039456702134 27.44269339947717 0.6244307300607096 93.2181290151366 "HIP 102766 4" Neptunian 19.839168753358578 2.9713044641925395 200.0 3.342784242632181 K2V 0.8676073373949335 4866.084384156673 0.7040634445923756 4.681167251375799 6.0 None -15.60706138985514 15.40559031639675 5.287749402290487 0.2445017587707424 0.9717996726250848 6.071724289665566 6.356510793213051 5.968917347578547 5.9850833804469765 6.672112225829561 6.070038102465777 6.064103798916895 5.976730007075255 5.939821468868535 34.07270661762691 35.81105667332858 34.31553631764346 34.39264883756919 36.51107656568394 34.55907159186356 23.44424878762329 23.66609701550978 25.998127652852048 25.99868873189665 34.21515885821135 34.690525764937206 37.41005797858059 34.78305653262258 33.79930453899215 34.88607187869731 34.29816002879187 34.057686216290044 35.76381201457893 34.30845433804913 34.26520234507554 40.98305897463331 34.266879044334914 25.004540138470656 22.32977445230005 [7.019498904894647e-05,9.54524778044797e-05,9.470738486104139e-05,1.2942286067048085e-05,8.44425746340291e-06,1.2465940689864745e-05] "[""HK"",""H"",""H_high"",""K"",""K1_high"",""K2_high""]" 9.54524778044797e-05 nan 9.54524778044797e-05 7.019498904894647e-05 1.2942286067048085e-05 nan nan
"HIP 32322" 101.21648406982422 -27.34238052368164 27.14 1.340118974749778e-12 81.58929300834843 7.692796468308476 2.849616759936396 6.816811074917802 0.12852914786835726 94.91860013334576 "HIP 32322 12" Jovian 166.5198782808136 9.245173796212335 200.0 3.2807910073343614 F7V 1.223270339842206 6299.551258613002 1.1011503021319806 4.441896868419889 5.05 None -8.041651628300233 11.653924335095045 12.57332766390664 0.3039879943123682 0.9571034722879489 5.08021233027108 5.227670752713818 5.047206719444535 5.0427176239758875 5.374200187062721 5.079543695133747 5.077143410075063 5.048399323273919 5.042487952045147 27.847661751474032 33.60869086519134 27.851505687804465 27.946492057591357 34.3087107575467 27.94959273673641 21.233272208457517 21.46373120737254 23.769480498428777 23.79632292375941 27.80013047615737 28.011897697515792 35.20769217044335 28.013335482872385 27.820222583208462 32.68370607056006 27.83391247786058 27.845248007459162 33.56144620644169 27.84908376040985 27.845957177562532 38.78069316649607 27.845386202769667 22.802174330333415 20.127408644162806 [0.0006946556527470733,0.0008787946579735475,0.0006902551872058756,0.0006541291133745093,0.00043548283817739896,0.0006512314992830672] "[""HK"",""H"",""H_high"",""K"",""K1_high"",""K2_high""]" 0.0008787946579735475 nan 0.0008787946579735475 0.0006946556527470733 0.0006541291133745093 nan nan
"HIP 27435" 87.14543151855469 -4.09408712387085 15.18 1.4452812165111967e-11 999.5564724758774 17.08254882143585 2.048110363233625 10.76694725316285 0.6328547945455434 141.5267903214779 "HIP 27435 12" Neptunian 70.03979750661605 7.173635467742397 200.0 3.125021355804744 G3V 1.0729034487851195 5815.213657459187 0.8932980933603237 4.566635454531995 4.449999999999999 None 6.539923700774132 10.463909610432882 5.85010774568411 1.2809426373293444 0.4743077822828467 4.490252547510607 4.669937866577188 4.43637221102731 4.437014848991052 4.852408591444067 4.490017759228305 4.486202846265171 4.4394618730984785 4.424580543325915 29.51932864298459 32.89787938491405 29.56727446996745 29.66987383837047 33.597899277269406 29.699413718286248 20.530296806666417 20.752919727095247 23.08256512718032 23.085511443482112 29.50015033039001 29.78280863977311 34.49688069016605 29.797029852664508 29.43819901235178 31.972894590282767 29.550336018743266 29.514157112837008 32.85063472616439 29.563854947252224 29.551243387122103 38.06988168621878 29.55103599692038 22.09136285005612 19.41659716388551 [0.0005585911758958727,0.0007550699641985521,0.0007159825161219204,0.00047909429629041934,0.00033038308607079465,0.0005008722385302071] "[""HK"",""H"",""H_high"",""K"",""K1_high"",""K2_high""]" 0.0007550699641985521 nan 0.0007550699641985521 0.0005585911758958727 0.0005008722385302071 nan nan
"HIP 42916" 131.1873779296875 -42.63386154174805 25.27 1.4895112882035972e-12 93.42132874620857 8.595161542741065 0.2782372844679073 8.202863615637842 0.1709180436039384 102.33624797861088 "HIP 42916 9" Terran 0.19520622671173085 0.6989448739244735 200.0 2.592762900473407 G8V 1.014765101854581 5468.4090187676065 0.9544193754501874 4.48495465603241 5.35 None -2.4233622537398247 7.143495809930194 10.23406279127801 2.791496333296974 0.004497375197511452 5.4013694041260765 5.61802690021879 5.329908116954513 5.33560983143696 5.844726517340508 5.400667426531034 5.396066698576554 5.334943478165027 5.310936254219687 38.68055972385008 39.061028636105256 40.001945701530005 39.19514443014385 39.76104852846061 40.17328793512852 26.694383502079337 26.916068978286454 29.24860231876191 29.24866069467332 39.92235812108567 39.72000087049404 40.66002994135726 40.31277084417085 37.95422365748966 38.13604384147398 39.98491507993652 38.64580745048029 39.0137839773556 39.997237843590234 39.95358051692361 44.233030937409985 39.97424070940043 28.25451210124733 25.579746415076716 [1.0316943849288404e-06,1.400167404925096e-06,1.4073587435732772e-06,1.2233258451157166e-08,7.960074967165778e-09,1.1140561179153076e-08] "[""HK"",""H"",""H_high"",""K"",""K1_high"",""K2_high""]" 1.4073587435732772e-06 nan 1.4073587435732772e-06 1.0316943849288404e-06 1.2233258451157166e-08 nan nan
"HIP 16537" 53.23508834838867 -9.458306312561035 3.21 6.827552893429928e-12 2804.726994839089 12.25595481958437 0.8250708536303768 8.412557039705687 0.487803411943407 88.03414757283711 "HIP 16537 4" Neptunian 6.024520999043388 2.2703707582076516 200.0 3.058884035357776 K2V 0.9074619315364643 5050.64469616304 0.709034527043478 4.694561274452061 1.65 None -16.321413141332865 4.8476256125974455 9.776692546081398 2.3159783250272734 0.055739503327838606 1.7133219677740674 1.974724859686181 1.6262491883157772 1.6373429317736863 2.2588376559717425 1.7109946609337212 1.7064925867782703 1.6330319799418995 1.6008681421143258 30.69875364223504 32.02225828633165 31.07737367764711 31.037619175144524 32.722278178687006 31.29616951436106 19.65552384144546 19.87729862851285 22.209555746314017 22.209890344899716 30.98772358891381 31.34748255570233 33.62125959158366 31.49018852166995 30.324777557219416 31.09727349170037 31.05918188364262 30.68044955069482 31.975013627581994 31.071100491323563 31.034152390775375 37.194260587636386 31.037312325556798 21.215741751473725 18.540976065303113 [0.00030457970761772095,0.0004056917130442871,0.00040358746373286505,3.067299776665153e-05,2.046048986564182e-05,3.0274498403721362e-05] "[""HK"",""H"",""H_high"",""K"",""K1_high"",""K2_high""]" 0.0004056917130442871 nan 0.0004056917130442871 0.00030457970761772095 3.067299776665153e-05 nan nan
