sim_data/Simulated_table/Simulated_Pull_MIRIMRS_without_systematics_BT-Settl.ecsv
# %ECSV 1.0
# ---
# datatype:
# - {name: StarName, datatype: string}
# - {name: RA, datatype: float64}
# - {name: Dec, datatype: float64}
# - {name: Distance, unit: pc, datatype: float64}
# - {name: Flux Ratio, datatype: float64}
# - {name: AngSep, unit: mas, datatype: float64}
# - {name: ProjAU, unit: AU, datatype: float64}
# - {name: Phase, unit: rad, datatype: float64}
# - {name: SMA, unit: AU, datatype: float64}
# - {name: Ecc, datatype: float64}
# - {name: Inc, unit: deg, datatype: float64}
# - {name: PlanetName, datatype: string}
# - {name: PlanetType, datatype: string}
# - {name: PlanetMass, unit: earthMass, datatype: float64}
# - {name: PlanetRadius, unit: earthRad, datatype: float64}
# - {name: PlanetTeq, unit: K, datatype: float64}
# - {name: PlanetLogg, unit: dex(cm / s2), datatype: float64}
# - {name: StarSpT, datatype: string}
# - {name: StarMass, unit: solMass, datatype: float64}
# - {name: StarTeff, unit: K, datatype: float64}
# - {name: StarRad, unit: solRad, datatype: float64}
# - {name: StarLogg, unit: dex(cm / s2), datatype: float64}
# - {name: StarKmag, datatype: float64}
# - {name: DiscoveryMethod, datatype: string}
# - {name: StarRadialVelocity, unit: km / s, datatype: float64}
# - {name: StarVsini, unit: km / s, datatype: float64}
# - {name: DeltaRadialVelocity, unit: km / s, datatype: float64}
# - {name: alpha, datatype: float64}
# - {name: g_alpha, datatype: float64}
# - {name: StarINSTRUmag(HARMONI), datatype: float64}
# - {name: StarINSTRUmag(ERIS), datatype: float64}
# - {name: StarINSTRUmag(MIRIMRS), datatype: float64}
# - {name: StarINSTRUmag(NIRCam), datatype: float64}
# - {name: StarJmag, datatype: float64}
# - {name: StarHmag, datatype: float64}
# - {name: StarHKmag, datatype: float64}
# - {name: StarCHANNEL1mag, datatype: float64}
# - {name: StarCHANNEL2mag, datatype: float64}
# - {name: PlanetINSTRUmag(HARMONI)(thermal+reflected), datatype: float64}
# - {name: PlanetINSTRUmag(HARMONI)(thermal), datatype: float64}
# - {name: PlanetINSTRUmag(HARMONI)(reflected), datatype: float64}
# - {name: PlanetINSTRUmag(ERIS)(thermal+reflected), datatype: float64}
# - {name: PlanetINSTRUmag(ERIS)(thermal), datatype: float64}
# - {name: PlanetINSTRUmag(ERIS)(reflected), datatype: float64}
# - {name: PlanetINSTRUmag(MIRIMRS)(thermal+reflected), datatype: float64}
# - {name: PlanetINSTRUmag(MIRIMRS)(thermal), datatype: float64}
# - {name: PlanetINSTRUmag(NIRCam)(thermal+reflected), datatype: float64}
# - {name: PlanetINSTRUmag(NIRCam)(thermal), datatype: float64}
# - {name: PlanetINSTRUmag(NIRCam)(reflected), datatype: float64}
# - {name: PlanetJmag(thermal+reflected), datatype: float64}
# - {name: PlanetJmag(thermal), datatype: float64}
# - {name: PlanetJmag(reflected), datatype: float64}
# - {name: PlanetHmag(thermal+reflected), datatype: float64}
# - {name: PlanetHmag(thermal), datatype: float64}
# - {name: PlanetHmag(reflected), datatype: float64}
# - {name: PlanetHKmag(thermal+reflected), datatype: float64}
# - {name: PlanetHKmag(thermal), datatype: float64}
# - {name: PlanetHKmag(reflected), datatype: float64}
# - {name: PlanetKmag(thermal+reflected), datatype: float64}
# - {name: PlanetKmag(thermal), datatype: float64}
# - {name: PlanetKmag(reflected), datatype: float64}
# - {name: PlanetCHANNEL1mag(thermal), datatype: float64}
[...]
#     StarTeff:
#       __class__: astropy.units.quantity.Quantity
#       unit: *id002
#       value: !astropy.table.SerializedColumn {name: StarTeff}
#     StarVsini:
#       __class__: astropy.units.quantity.Quantity
#       unit: !astropy.units.Unit {unit: km / s}
#       value: !astropy.table.SerializedColumn {name: StarVsini}
# schema: astropy-2.0
StarName RA Dec Distance "Flux Ratio" AngSep ProjAU Phase SMA Ecc Inc PlanetName PlanetType PlanetMass PlanetRadius PlanetTeq PlanetLogg StarSpT StarMass StarTeff StarRad StarLogg StarKmag DiscoveryMethod StarRadialVelocity StarVsini DeltaRadialVelocity alpha g_alpha StarINSTRUmag(HARMONI) StarINSTRUmag(ERIS) StarINSTRUmag(MIRIMRS) StarINSTRUmag(NIRCam) StarJmag StarHmag StarHKmag StarCHANNEL1mag StarCHANNEL2mag PlanetINSTRUmag(HARMONI)(thermal+reflected) PlanetINSTRUmag(HARMONI)(thermal) PlanetINSTRUmag(HARMONI)(reflected) PlanetINSTRUmag(ERIS)(thermal+reflected) PlanetINSTRUmag(ERIS)(thermal) PlanetINSTRUmag(ERIS)(reflected) PlanetINSTRUmag(MIRIMRS)(thermal+reflected) PlanetINSTRUmag(MIRIMRS)(thermal) PlanetINSTRUmag(NIRCam)(thermal+reflected) PlanetINSTRUmag(NIRCam)(thermal) PlanetINSTRUmag(NIRCam)(reflected) PlanetJmag(thermal+reflected) PlanetJmag(thermal) PlanetJmag(reflected) PlanetHmag(thermal+reflected) PlanetHmag(thermal) PlanetHmag(reflected) PlanetHKmag(thermal+reflected) PlanetHKmag(thermal) PlanetHKmag(reflected) PlanetKmag(thermal+reflected) PlanetKmag(thermal) PlanetKmag(reflected) PlanetCHANNEL1mag(thermal) PlanetCHANNEL2mag(thermal) SNR_band name_band SNR_INSTRU SNR_J SNR_H SNR_HK SNR_K SNR_CHANNEL1 SNR_CHANNEL2
[from data line 715]
"HIP 86141" 264.054931640625 71.87844848632812 19.39 2.2352325696216512e-13 385.33097650081464 16.534971168219784 2.672738296120152 13.657077055697405 0.21196603976967937 86.21657245169806 "HIP 86141 1" Neptunian 50.48812990630613 3.7602309697303653 200.0 3.5439153225681004 K5V 0.7143859337188009 4536.545582559668 0.571456580711447 4.778034045442491 5.880000000000001 None 8.247704674400644 6.971827237282062 6.797969796116421 0.4731389042228457 0.9011309077128989 5.959788958812949 6.272590474103775 5.846144418568828 5.867085102940184 6.627827837241087 5.957639139930001 5.951252532034782 5.855114268038677 5.8128561317096805 32.16188276388439 34.832033482432095 32.258917318471504 32.46569051031437 35.53205337478746 32.53212574465943 22.464914503424364 22.687109120524845 25.01814403575455 25.019665541000165 32.15253186448793 32.756466079711835 36.431034787684105 32.793908490059195 32.02935688734533 33.907048687800824 32.24136876980272 32.15045790254131 34.78478882368244 32.25090236084958 32.20108946119153 40.004035783736825 32.201911155198374 24.025536260065394 21.3507763760491 [0.0008467633232378137,1.085835756702911e-05,0.0001661708964503755,0.001241959081804558,0.0014609775594221855,0.00046660181473193657] "[""1SHORT"",""1MEDIUM"",""1LONG"",""2SHORT"",""2MEDIUM"",""2LONG""]" 0.0014609775594221855 nan nan nan nan 0.0008467633232378137 0.0014609775594221855
"HIP 52708" 161.6541290283203 -24.585216522216797 21.51 4.3252191053840146e-13 311.40800435158235 8.391126401242047 2.2171749150566593 11.074164819213127 0.4096409380573045 92.70261801429848 "HIP 52708 4" Terran 0.44847685022382366 0.857434828578833 200.0 2.776492871498088 K5V 0.6894686698627451 4368.44640044032 0.46864325921833233 4.934897414123332 6.449999999999999 None 13.97206049599398 6.879588040532456 7.423555958687579 0.9252566936919449 0.6786966718190155 6.538841607436897 6.879971657808567 6.411295051963952 6.441397159504745 7.277281901483754 6.5363375712743546 6.529361762632129 6.42133376675634 6.3741616167737 35.78435964563191 38.26741349718444 35.90065270867648 36.12184522936681 38.9674333895398 36.203839736336676 25.900376377473346 26.12248913527719 28.453781630002418 28.455045555752505 35.789420426844615 36.45776356602647 39.86641480243645 36.50582997101767 35.63142217559627 37.342428702553164 35.88299595333735 35.77143976554027 38.22016883843479 35.89168263848427 35.83339544048331 43.43941579848917 35.83438061506189 27.46091627481773 24.786156390801445 [3.32698112091674e-05,4.263556838129202e-07,6.530567709350065e-06,5.7443142382539846e-05,6.810298606056639e-05,2.1994455692290454e-05] "[""1SHORT"",""1MEDIUM"",""1LONG"",""2SHORT"",""2MEDIUM"",""2LONG""]" 6.810298606056639e-05 nan nan nan nan 3.32698112091674e-05 6.810298606056639e-05
"HIP 104644" 317.955810546875 -43.61197280883789 14.8 4.9823163229728675e-12 412.0163039419087 11.705797215843727 2.59365852985325 11.083040365523736 0.08663725544206112 63.09199803482046 "HIP 104644 2" Neptunian 52.61978545061068 8.763629449067253 200.0 2.826936142776277 M1V 0.4687037988952339 3662.9728797773446 0.13786381623016591 5.830065508643581 7.670000000000001 None 2.2536110634918245 9.98887160498034 5.462879064242799 0.7056554033096893 0.7966455489214465 7.838456443627394 8.190495408561961 7.347666211686037 7.578236916928672 8.595487983892456 7.870119559645142 7.828287622882481 7.362795785709655 7.294494218035813 31.42277644754479 32.408105593606415 31.983792273441797 31.87543687142459 33.10812548596178 32.29625861519193 20.041383405709496 20.263181231699164 22.595489401537243 22.595737652174485 31.697698394494104 32.340825967074394 34.007106898858424 32.60437131090999 30.95757462656693 31.483120798975143 31.997552418216205 31.39785387492499 32.36086093485676 31.97423535390744 31.836641113912986 37.58010789491115 31.842129375430904 21.60160837123971 18.92684848722342 [0.017215646381346292,0.00021596887035659845,0.0033996728546403046,0.02581801871285585,0.030004567613923998,0.009374961200732659] "[""1SHORT"",""1MEDIUM"",""1LONG"",""2SHORT"",""2MEDIUM"",""2LONG""]" 0.030004567613923998 nan nan nan nan 0.017215646381346292 0.030004567613923998
"HIP 32765" 102.47756958007812 -46.61547088623047 25.26 2.897004457795569e-11 391.45129501957314 19.345446561349465 0.5365002894795357 18.46664657803239 0.35294172390963197 102.79747490708644 "HIP 32765 8" Neptunian 105.06499949760067 4.970029347577062 200.0 3.6198952383165097 F5V 1.3764053069530715 6624.712472253686 1.686379313153621 4.122903433614512 4.01 None -12.38094659943027 18.792873551749228 7.930444416286468 2.564682465271985 0.019702877861379062 4.0353429179288085 4.150930120166527 4.0057485742661285 4.004943870465109 4.263510570024635 4.037269094757982 4.033088126422933 4.0060189974089475 4.004499318462203 33.906875383116514 34.80058901208981 34.534566111531646 34.20613588831149 35.50060890444517 34.59888984572887 22.43390659940356 22.65566465018256 24.988049276136874 24.988221070657875 34.48992270001795 34.436283359188586 36.39959031734182 34.63068596324417 33.397910592240514 33.87560421745854 34.519451512806576 33.885000132058856 34.753344353340154 34.53296928926833 34.52588957676923 39.97259131339454 34.533108736602685 23.9940917897231 21.31933190570681 [0.00036284443783295075,4.929046537809196e-06,7.538357285999586e-05,0.0005612904940595553,0.0006585098330963824,0.00021048346124570314] "[""1SHORT"",""1MEDIUM"",""1LONG"",""2SHORT"",""2MEDIUM"",""2LONG""]" 0.0006585098330963824 nan nan nan nan 0.00036284443783295075 0.0006585098330963824
"HIP 65640" 201.8640594482422 35.72696304321289 27.14 3.918206982199994e-11 588.203349215274 16.121902255871454 1.7109414293725933 26.643759166005214 0.5348294406107835 84.03557224241379 "HIP 65640 8" Neptunian 116.7582994415535 7.84407187765048 200.0 3.2693597137444903 K0V 0.8042536615382807 4742.7381778526815 0.6705135059619592 4.6906456138102 6.27 None 9.120072353004346 19.619070700884212 5.147888735409157 1.4314148507939504 0.3908521275470988 6.341724289665565 6.62651079321305 6.238917347578545 6.255083380446975 6.942112225829559 6.340038102465774 6.334103798916893 6.246730007075253 6.209821468868535 32.89524247756167 33.96555844072449 33.40231877155339 33.28758293043858 34.66557833307985 33.64585404577349 21.59885523058024 21.820634078817243 24.152952718682013 24.15319049929256 33.301941312121286 33.662922241266685 35.5645597459765 33.869838986532514 32.44658675769307 33.040573646093215 33.38494248270181 32.872999844249 33.91831378197484 33.395236791959064 33.34839997017238 39.13756074202922 33.35366149824485 23.159061218357785 20.484301334341495 [0.004975193497937886,6.239981743811935e-05,0.0009276279981499066,0.0067828728768197215,0.0076646368879919715,0.002335090038303034] "[""1SHORT"",""1MEDIUM"",""1LONG"",""2SHORT"",""2MEDIUM"",""2LONG""]" 0.0076646368879919715 nan nan nan nan 0.004975193497937886 0.0076646368879919715
"HIP 71311" 218.7429656982422 33.74613571166992 20.23 6.563614734458938e-11 507.15684832736963 10.614261362556874 1.3116285072747533 10.10217968716117 0.25693089524049845 149.23606897677192 "HIP 71311 11" Neptunian 30.026763567844778 4.937627348061651 200.0 3.081626986651002 K8V 0.606977813016823 4157.521863086468 0.4417563352556305 4.9308748708778305 6.35 None 15.002928636133099 15.099300452977806 3.7346645296191374 1.7022605014264793 0.2555057490880681 6.459004196184867 6.812314477303517 6.246772972592801 6.320074000119979 7.225904563211928 6.465515423889161 6.4490290624754065 6.258354428855785 6.204330905142089 32.62777723874922 34.33260491180757 32.8809679588246 33.01293635211822 35.03262480416293 33.196618789508236 21.965788016885863 22.187680549900314 24.519670426732965 24.520236970375638 32.72618105971807 33.40282439122839 35.931606217059574 33.514066730532804 32.35456457657611 33.40762011717629 32.87204706149253 32.61035818542688 34.28536025305792 32.87151978905824 32.79259291771281 39.5046072131123 32.79483870014846 23.52610768944086 20.851347805424574 [0.0029323835023250784,3.592484884236266e-05,0.0005474258983334189,0.0038819468447292946,0.004426150867951205,0.001350146977004707] "[""1SHORT"",""1MEDIUM"",""1LONG"",""2SHORT"",""2MEDIUM"",""2LONG""]" 0.004426150867951205 nan nan nan nan 0.0029323835023250784 0.004426150867951205
"HIP 18844" 60.61065673828125 -61.35720443725586 25.91 1.047129896731236e-13 396.8915278871188 28.92513490763075 2.778122463780619 19.391944278864067 0.5529710087103488 91.80765437956563 "HIP 18844 3" Neptunian 66.9233376866715 5.0873708372911075 200.0 3.4037458822485194 G2V 1.0195408530323504 5706.318906148559 1.1107372116047205 4.355249616513742 5.13 None 25.534058682573978 5.91974307320945 6.826708806533219 0.36477626602627533 0.9392854134913404 5.170252547510607 5.3499378665771875 5.116372211027311 5.117014848991053 5.532408591444068 5.170017759228306 5.166202846265172 5.119461873098478 5.104580543325915 31.477425235922908 34.80508713138882 31.52930453586531 31.6303957139241 35.50510702374418 31.6614437841841 22.437551623341577 22.660162769481566 24.989917762173977 24.992719189956887 31.462180396287863 31.744107241794218 36.404088436640826 31.75905991856236 31.39617206242424 33.880102336757545 31.512366084641123 31.47192104940791 34.75784247263916 31.525885013150084 31.51261935286728 39.977089432693546 31.513066062818233 23.998589909022108 21.32383002500582 [0.0006087816404551477,8.01238997516891e-06,0.00012370235359036492,0.0009293840236015926,0.001089947575034222,0.00034659373637683247] "[""1SHORT"",""1MEDIUM"",""1LONG"",""2SHORT"",""2MEDIUM"",""2LONG""]" 0.001089947575034222 nan nan nan nan 0.0006087816404551477 0.001089947575034222
"HIP 8867" 28.5257511138916 66.1765365600586 22.53 1.0685081387988815e-13 662.6057911226445 37.88746982688962 2.7365887888610274 33.46047250906849 0.14847254434851612 113.2049786570874 "HIP 8867 1" Neptunian 19.410295240041343 5.938252659988721 200.0 2.7318698793152696 G5V 0.8134528320697494 4718.856086025702 0.6396519286255389 4.736512575464274 6.010000000000001 None 8.795036292045104 19.83166783617409 4.268468826310405 0.5647047803298257 0.8632512539132509 6.081724289665566 6.366510793213052 5.978917347578547 5.995083380446976 6.68211222582956 6.080038102465776 6.0741037989168944 5.986730007075254 5.949821468868536 32.95145478924344 34.16572964587996 33.38110424148144 33.32416939839628 34.86574953823532 33.62463951570154 21.799009026571238 22.020805283972706 24.353070149795123 24.353361704448027 33.280726782049335 33.67702719343767 35.764730951131966 33.84862445646056 32.547921030966336 33.240744851248685 33.36372795262985 32.93108328600969 34.1184849871303 33.374022261887106 33.32815406133182 39.337731947184686 33.332446968172896 23.359232423513248 20.684472539496962 [0.005309343011616585,6.655517525448648e-05,0.0009390948204311738,0.007455953558642347,0.008192060233306145,0.0024648692120839747] "[""1SHORT"",""1MEDIUM"",""1LONG"",""2SHORT"",""2MEDIUM"",""2LONG""]" 0.008192060233306145 nan nan nan nan 0.005309343011616585 0.008192060233306145
"HIP 117492" 357.3699035644531 35.664398193359375 28.5 3.7790882531703815e-13 1134.4580704507307 32.80562340408596 1.7409165859193372 25.725786900433388 0.47479477712958346 148.84621890579024 "HIP 117492 1" Neptunian 2.098247043535493 1.5922821099386384 200.0 2.9089716705734534 M0V 0.734464192584768 4471.937939664698 0.5898061698817859 4.762619632068292 6.630000000000001 None 17.10045903231447 11.976878941962195 2.603570619651004 1.483098377611119 0.36332437287615604 6.7188416074368975 7.059971657808568 6.591295051963952 6.621397159504746 7.457281901483755 6.716337571274355 6.70936176263213 6.6013337667563405 6.5541616167737 36.62765524525208 37.534341268977826 37.2452996242119 37.08556665878463 38.23436116133318 37.5484866518721 25.167654400661842 25.38941690707057 27.7217867542864 27.72197332754589 37.13406734238004 37.559955028943 39.13334257422983 37.850476886553096 36.12249542715827 36.60935647434655 37.22764286887277 36.60191432642237 37.487096610228164 37.23632955401969 37.172367668281446 42.706343570282556 37.17902753059731 26.727844046611114 24.05308416259482 [0.0006435311834710766,7.353840214570672e-06,0.00010430414349086728,0.0009523044425939585,0.0011220369104367512,0.00032287841847294463] "[""1SHORT"",""1MEDIUM"",""1LONG"",""2SHORT"",""2MEDIUM"",""2LONG""]" 0.0011220369104367512 nan nan nan nan 0.0006435311834710766 0.0011220369104367512
"HIP 96100" 293.0857849121094 69.6654052734375 5.75 2.4159312037675847e-10 435.72260393584753 4.095607051321345 0.6582454423452287 3.920884851592441 0.057925519664334214 53.6516434079219 "HIP 96100 7" Neptunian 4.029728073569414 2.1618977226786393 200.0 2.926760534767721 G9V 0.9285298008940285 5311.003662742578 0.738194202272058 4.669522214251379 2.86 None 3.4038374596098606 15.466001812958517 11.674243063399448 2.2615880498651273 0.06686067153090308 2.9113694041260763 3.1280269002187895 2.839908116954514 2.84560983143696 3.3547265173405085 2.9106674265310333 2.906066698576553 2.8449434781650265 2.8209362542196863 30.451807775352574 33.39438055026979 30.52654855400401 30.651355735318994 34.094400442625144 30.697890787602518 21.027123671602542 21.249456188362533 23.580065655579677 23.582012608837854 30.446960973559666 30.814004763465498 34.99338185552179 30.837373696644846 30.34421052583937 32.46939575563851 30.509517932410514 30.444217915130395 33.34713589152013 30.52184069606423 30.49820001543999 38.56638285157452 30.498843561874427 22.58788332790308 19.91312344388679 [0.0008664096815792189,1.1304064955404905e-05,0.0001730802135370555,0.0013287244428461455,0.001556043326109723,0.0004945115252320251] "[""1SHORT"",""1MEDIUM"",""1LONG"",""2SHORT"",""2MEDIUM"",""2LONG""]" 0.001556043326109723 nan nan nan nan 0.0008664096815792189 0.001556043326109723
"HIP 68570" 210.58152770996094 13.689977645874023 19.86 6.629655400494222e-11 404.4467782633789 8.710119055121307 1.1736842738198934 6.50776223722883 0.382396170794889 45.89013536525172 "HIP 68570 11" Neptunian 23.29888069906311 5.1262000067148 200.0 2.938899045842552 M0V 0.5406749043850675 3854.6800562527155 0.3096410686147222 5.189286724219474 6.700000000000001 None 6.106657433060178 3.8428895030125787 6.164556535259082 1.8521890320458916 0.1918167753677632 6.85064129649472 7.207859926188104 6.444778659043841 6.622436252865641 7.622941121607681 6.878102202704671 6.840426141936813 6.459189682324789 6.3933642045000205 32.33646921667645 34.21113553355622 32.54913461895933 32.71393601424593 34.91115542591157 32.867841502300635 21.84423277420371 22.06621117164896 24.398016887560807 24.39876759212428 32.29903037836117 33.09336869838341 35.81013683880822 33.18614570183927 32.110789420438984 33.28615073892494 32.55984468794399 32.32004466984638 34.163890874806555 32.539495368185754 32.421355202220795 39.38313783486094 32.42313909191289 23.4046383111895 20.729878427173215 [0.001989971567172683,2.4947900367503037e-05,0.00038898868489917714,0.0032416570574718413,0.003783915463703028,0.0011896189096404274] "[""1SHORT"",""1MEDIUM"",""1LONG"",""2SHORT"",""2MEDIUM"",""2LONG""]" 0.003783915463703028 nan nan nan nan 0.001989971567172683 0.003783915463703028
