sim_data/Simulated_table/Simulated_Pull_MIRIMRS_systematic_limit_BT-Settl.ecsv
# %ECSV 1.0
# ---
# datatype:
# - {name: StarName, datatype: string}
# - {name: RA, datatype: float64}
# - {name: Dec, datatype: float64}
# - {name: Distance, unit: pc, datatype: float64}
# - {name: Flux Ratio, datatype: float64}
# - {name: AngSep, unit: mas, datatype: float64}
# - {name: ProjAU, unit: AU, datatype: float64}
# - {name: Phase, unit: rad, datatype: float64}
# - {name: SMA, unit: AU, datatype: float64}
# - {name: Ecc, datatype: float64}
# - {name: Inc, unit: deg, datatype: float64}
# - {name: PlanetName, datatype: string}
# - {name: PlanetType, datatype: string}
# - {name: PlanetMass, unit: earthMass, datatype: float64}
# - {name: PlanetRadius, unit: earthRad, datatype: float64}
# - {name: PlanetTeq, unit: K, datatype: float64}
# - {name: PlanetLogg, unit: dex(cm / s2), datatype: float64}
# - {name: StarSpT, datatype: string}
# - {name: StarMass, unit: solMass, datatype: float64}
# - {name: StarTeff, unit: K, datatype: float64}
# - {name: StarRad, unit: solRad, datatype: float64}
# - {name: StarLogg, unit: dex(cm / s2), datatype: float64}
# - {name: StarKmag, datatype: float64}
# - {name: DiscoveryMethod, datatype: string}
# - {name: StarRadialVelocity, unit: km / s, datatype: float64}
# - {name: StarVsini, unit: km / s, datatype: float64}
# - {name: DeltaRadialVelocity, unit: km / s, datatype: float64}
# - {name: alpha, datatype: float64}
# - {name: g_alpha, datatype: float64}
# - {name: StarINSTRUmag(HARMONI), datatype: float64}
# - {name: StarINSTRUmag(ERIS), datatype: float64}
# - {name: StarINSTRUmag(MIRIMRS), datatype: float64}
# - {name: StarINSTRUmag(NIRCam), datatype: float64}
# - {name: StarJmag, datatype: float64}
# - {name: StarHmag, datatype: float64}
# - {name: StarHKmag, datatype: float64}
# - {name: StarCHANNEL1mag, datatype: float64}
# - {name: StarCHANNEL2mag, datatype: float64}
# - {name: PlanetINSTRUmag(HARMONI)(thermal+reflected), datatype: float64}
# - {name: PlanetINSTRUmag(HARMONI)(thermal), datatype: float64}
# - {name: PlanetINSTRUmag(HARMONI)(reflected), datatype: float64}
# - {name: PlanetINSTRUmag(ERIS)(thermal+reflected), datatype: float64}
# - {name: PlanetINSTRUmag(ERIS)(thermal), datatype: float64}
# - {name: PlanetINSTRUmag(ERIS)(reflected), datatype: float64}
# - {name: PlanetINSTRUmag(MIRIMRS)(thermal+reflected), datatype: float64}
# - {name: PlanetINSTRUmag(MIRIMRS)(thermal), datatype: float64}
# - {name: PlanetINSTRUmag(NIRCam)(thermal+reflected), datatype: float64}
# - {name: PlanetINSTRUmag(NIRCam)(thermal), datatype: float64}
# - {name: PlanetINSTRUmag(NIRCam)(reflected), datatype: float64}
# - {name: PlanetJmag(thermal+reflected), datatype: float64}
# - {name: PlanetJmag(thermal), datatype: float64}
# - {name: PlanetJmag(reflected), datatype: float64}
# - {name: PlanetHmag(thermal+reflected), datatype: float64}
# - {name: PlanetHmag(thermal), datatype: float64}
# - {name: PlanetHmag(reflected), datatype: float64}
# - {name: PlanetHKmag(thermal+reflected), datatype: float64}
# - {name: PlanetHKmag(thermal), datatype: float64}
# - {name: PlanetHKmag(reflected), datatype: float64}
# - {name: PlanetKmag(thermal+reflected), datatype: float64}
# - {name: PlanetKmag(thermal), datatype: float64}
# - {name: PlanetKmag(reflected), datatype: float64}
# - {name: PlanetCHANNEL1mag(thermal), datatype: float64}
[...]
#     StarTeff:
#       __class__: astropy.units.quantity.Quantity
#       unit: *id002
#       value: !astropy.table.SerializedColumn {name: StarTeff}
#     StarVsini:
#       __class__: astropy.units.quantity.Quantity
#       unit: !astropy.units.Unit {unit: km / s}
#       value: !astropy.table.SerializedColumn {name: StarVsini}
# schema: astropy-2.0
StarName RA Dec Distance "Flux Ratio" AngSep ProjAU Phase SMA Ecc Inc PlanetName PlanetType PlanetMass PlanetRadius PlanetTeq PlanetLogg StarSpT StarMass StarTeff StarRad StarLogg StarKmag DiscoveryMethod StarRadialVelocity StarVsini DeltaRadialVelocity alpha g_alpha StarINSTRUmag(HARMONI) StarINSTRUmag(ERIS) StarINSTRUmag(MIRIMRS) StarINSTRUmag(NIRCam) StarJmag StarHmag StarHKmag StarCHANNEL1mag StarCHANNEL2mag PlanetINSTRUmag(HARMONI)(thermal+reflected) PlanetINSTRUmag(HARMONI)(thermal) PlanetINSTRUmag(HARMONI)(reflected) PlanetINSTRUmag(ERIS)(thermal+reflected) PlanetINSTRUmag(ERIS)(thermal) PlanetINSTRUmag(ERIS)(reflected) PlanetINSTRUmag(MIRIMRS)(thermal+reflected) PlanetINSTRUmag(MIRIMRS)(thermal) PlanetINSTRUmag(NIRCam)(thermal+reflected) PlanetINSTRUmag(NIRCam)(thermal) PlanetINSTRUmag(NIRCam)(reflected) PlanetJmag(thermal+reflected) PlanetJmag(thermal) PlanetJmag(reflected) PlanetHmag(thermal+reflected) PlanetHmag(thermal) PlanetHmag(reflected) PlanetHKmag(thermal+reflected) PlanetHKmag(thermal) PlanetHKmag(reflected) PlanetKmag(thermal+reflected) PlanetKmag(thermal) PlanetKmag(reflected) PlanetCHANNEL1mag(thermal) PlanetCHANNEL2mag(thermal) SNR_band name_band SNR_INSTRU SNR_J SNR_H SNR_HK SNR_K SNR_CHANNEL1 SNR_CHANNEL2
[from data line 94]
"HIP 83276" 255.29486083984375 -13.566343307495117 27.38 1.2499769742131343e-12 309.56712865603345 8.515334318725854 1.4745787364335554 8.232636747589863 0.03990879996053164 85.37412017296647 "HIP 83276 9" Terran 0.3793387934207468 0.7959761310174501 200.0 2.7683822510099914 G2V 0.9887584884944488 5928.662795375081 0.9128006308843633 4.512405989096353 5.58 None 4.473618570011425 9.3807844338469 10.28849844172997 1.6666995273081764 0.2718922086894287 5.614824203950798 5.777039682285928 5.57322997438961 5.5701562435825025 5.93977469214229 5.614453835971017 5.6113194292740864 5.575175739594699 5.565678933336118 35.44369218353167 38.952884042442065 35.48742061608543 35.575394663443575 39.65290393479742 35.601089714603376 26.58518333044382 26.807959680534815 29.137207005127408 29.140516101010135 35.42889855466321 35.667936595436885 40.551885347694075 35.6800864906413 35.37185105610142 38.027899247810794 35.470213431785986 35.439041527981125 38.90563938369241 35.48455672391234 35.47629845452732 44.124886343746795 35.47667547468102 28.146386820075357 25.47162693605907 [2.6694427685950215e-06,2.0461738426029995e-07,3.0719822795823586e-06,4.1900797276321625e-06,5.478382554203776e-06,3.3347808411650195e-06] "[""1SHORT"",""1MEDIUM"",""1LONG"",""2SHORT"",""2MEDIUM"",""2LONG""]" 5.478382554203776e-06 nan nan nan nan 3.0719822795823586e-06 5.478382554203776e-06
"HIP 112120" 340.6586608886719 17.667984008789062 21.04 3.5278648577373225e-12 630.2483887049685 14.887204408150112 2.042651862027563 12.765816988993357 0.28727147738965264 137.679116250678 "HIP 112120 6" Neptunian 23.787034691658874 3.071695638736049 200.0 3.392739025724902 M3V 0.5110967639156064 3839.195017835037 0.2029651041415703 5.531728006596792 7.1 None -20.457177553238346 17.911544008351726 4.012802285990188 1.2597724808205228 0.48635229207862635 7.250641296494718 7.607859926188102 6.84477865904384 7.022436252865639 8.02294112160768 7.27810220270467 7.240426141936811 6.859189682324787 6.79336420450002 34.13121037482658 35.44855481897023 34.51414517779809 34.54995523582739 36.148574711325594 34.83285206113939 23.081787093862303 23.30363045706298 25.63580272309309 25.6361868775383 34.26404093719992 34.97665566114628 37.04755612422224 35.15115626067803 33.771637456230785 34.52357002433896 34.52485524678275 34.110257788077526 35.401310160220575 34.50450592702451 34.384665761282925 40.62055712027497 34.38814965075164 24.642057596603525 21.967297712587236 [0.0013506126550453781,4.013739478367085e-05,0.0011632303388450938,0.002215952134332769,0.0019693990853995214,0.0011031720102661288] "[""1SHORT"",""1MEDIUM"",""1LONG"",""2SHORT"",""2MEDIUM"",""2LONG""]" 0.002215952134332769 nan nan nan nan 0.0013506126550453781 0.002215952134332769
"HIP 80346" 246.03466796875 48.35400390625 8.06 4.763201487938468e-10 502.1706187663327 4.059665497406413 1.493344930574944 4.166906561325501 0.6018026224326898 17.793863014625284 "HIP 80346 10" Neptunian 20.189199271694367 4.35846327810576 200.0 3.0176073941510406 M3V 0.4464563184870914 3823.8388417760084 0.15142300767482128 5.727462864594862 5.909999999999999 None -14.4410509415 5.713892707693498 2.979538933933936 1.5944435034420141 0.3065763850125055 6.060641296494717 6.417859926188102 5.65477865904384 5.832436252865639 6.832941121607679 6.088102202704669 6.050426141936811 5.669189682324786 5.603364204500019 30.47048198578413 32.60522529995968 30.63422553654661 30.83516302433345 33.305245192315034 30.952932419887915 20.23823151688827 20.46030093805242 22.791859614398874 22.79285735852774 30.384121295948443 31.200711008869895 34.20422660521168 31.27123661942655 30.291021063164067 31.680240505328396 30.644935605531266 30.455499224988124 32.557980641210015 30.62458628577303 30.506887687243513 37.7772276012644 30.508230009500164 21.798728077592962 19.123968193576676 [0.002248768777411613,0.00011827659269230766,0.0019530428626260558,0.0036065648149430727,0.003609336907142281,0.0026286296793331465] "[""1SHORT"",""1MEDIUM"",""1LONG"",""2SHORT"",""2MEDIUM"",""2LONG""]" 0.003609336907142281 nan nan nan nan 0.002248768777411613 0.003609336907142281
"HIP 19333" 62.149227142333984 -59.52653121948242 25.95 1.3766219964455843e-11 308.7313438353597 8.4551532540727 1.8961494083353427 8.08893242102171 0.19845648745651823 156.16484683907942 "HIP 19333 6" Neptunian 105.54537131898378 4.1701809715195886 200.0 3.7742844695430513 K4V 0.7246202282374543 4289.198896803435 0.49916138157493545 4.901696124616767 6.720000000000001 None -23.403872475302343 19.97154562459114 3.603243698334264 1.4412644173717524 0.3855540728688386 6.829004196184868 7.182314477303518 6.616772972592802 6.69007400011998 7.5959045632119295 6.835515423889163 6.819029062475408 6.628354428855787 6.574330905142091 32.589569761049646 35.240129346617834 32.68845404034436 32.93377110294719 35.94014923897319 33.004104871028 22.872978055474952 23.095204984710584 25.426201672972624 25.4277614051859 32.53366714123783 33.2798348696684 36.839130651869844 33.321552812052566 32.46212636144511 34.315144551986556 32.67953314301229 32.57677856281862 35.19288468786818 32.679005870578 32.60150887894493 40.412131647922564 32.60232478166823 24.433632124251126 21.758872240234837 [0.00020135470223295153,1.589904855169419e-05,0.00021527457488765476,0.0003295190475167262,0.0003811374957574821,0.0002505423471225366] "[""1SHORT"",""1MEDIUM"",""1LONG"",""2SHORT"",""2MEDIUM"",""2LONG""]" 0.0003811374957574821 nan nan nan nan 0.00021527457488765476 0.0003811374957574821
"HIP 9291" 29.846479415893555 58.5216064453125 12.25 6.002972826510693e-12 1866.8050006333744 42.968883668774936 0.5612058559921005 29.577135192522434 0.4529041152360877 63.36457138810198 "HIP 9291 9" Neptunian 78.73644159194643 5.389581017204061 200.0 3.424220855977721 M4V 0.4446654098551243 5134.371181493917 0.056495980663767285 6.582065871510708 6.959999999999999 None 16.90335184711966 16.461930469085374 3.265314696300643 2.4291522985289973 0.03645596346278841 7.017046614926272 7.254798561016646 6.9388284483341955 6.946707146162286 7.508062663670568 7.015542788635801 7.011008459356511 6.944695368771685 6.916807576492182 33.03812602765035 33.05312246701803 37.6949560268004 33.72933347805002 33.75314235937339 37.88867948891558 20.68649560321006 20.908198105110777 23.24075258614151 23.240754525586095 37.61087091852812 34.605787283265954 34.65212377227004 38.05337612344427 32.12161035921368 32.12813767238676 37.677347055294696 32.99144374371319 33.00587780826837 37.68949197222356 37.15448452980824 38.22512476832276 37.66136784276947 22.24662524465132 19.57186536063503 [0.8263306256104422,0.01819830344380643,0.5548782823752453,2.021436782185272,1.160825001259027,0.5514354402439036] "[""1SHORT"",""1MEDIUM"",""1LONG"",""2SHORT"",""2MEDIUM"",""2LONG""]" 2.021436782185272 nan nan nan nan 0.8263306256104422 2.021436782185272
"HIP 57274" 176.17076110839844 30.96021842956543 25.92 3.283356845395193e-11 731.1071877077214 22.19301813329075 2.118186795448124 17.71561627419069 0.25837799836166286 81.0916024314495 "HIP 57274 7" Jovian 3594.0 16.80084238741315 200.0 4.096071039492315 K8V 0.7396881560204557 4493.257891951655 0.6388049794339743 4.696379706541867 6.28 None 12.673242804401426 6.112113032486506 6.056401388285961 1.0307420578539555 0.618489890016967 6.368841607436897 6.709971657808568 6.241295051963952 6.271397159504746 7.107281901483756 6.3663375712743555 6.35936176263213 6.251333766756341 6.2041616167737 30.205000359876774 32.21173674493663 30.39108721797608 30.561847172580478 32.91175663729199 30.694274245636276 19.84486201990617 20.06681238302938 22.39860430444051 22.399368803504697 30.279854936144215 30.91789156098018 33.81073805018864 30.996264480317272 29.984185177755162 31.28675195030535 30.37343046263695 30.18991145049668 32.164492086186975 30.382117147783866 30.323186469801463 37.38373904624136 30.324815124361486 21.405239522569918 18.730479638553632 [0.03942207265164264,0.0008026051274571643,0.02958340221036509,0.06921350370990667,0.050121418174727705,0.023756508139701836] "[""1SHORT"",""1MEDIUM"",""1LONG"",""2SHORT"",""2MEDIUM"",""2LONG""]" 0.06921350370990667 nan nan nan nan 0.03942207265164264 0.06921350370990667
"HIP 82099" 251.55816650390625 16.479145050048828 16.08 1.6741373229404535e-11 1149.9552141424385 25.384106992394933 0.8160698331391992 29.863662305455097 0.3812413222213181 106.11693601782292 "HIP 82099 10" Neptunian 91.91993772346882 4.782983409979358 200.0 3.5951670543986745 M5V 0.4497412390302989 3748.9340370997115 0.1664663409286124 5.648377472381371 7.130000000000001 None 8.590582901068672 17.101416508857493 3.5125514195004746 2.2891731387847085 0.06106572967496082 7.280641296494719 7.637859926188103 6.874778659043841 7.0524362528656415 8.052941121607681 7.308102202704671 7.270426141936812 6.889189682324788 6.82336420450002 33.870190609442744 33.90315289659889 37.68089751060125 34.5566344619809 34.60317278895425 37.999604393942555 21.536524815595325 21.758228534691636 24.09077994652494 24.090784955166956 37.43079327000308 35.42387043055222 35.50215420185089 38.317908593481185 32.96412262778472 32.97816810196761 37.691607579585906 33.824051783113646 33.855908237849235 37.67125825982767 37.31563083739062 39.07515519790362 37.55490198355481 23.09665567423218 20.421895790215892 [0.1972216345702626,0.0031137421207719394,0.055111766916337075,0.10340982570693871,0.0989036761891859,0.07927459840603303] "[""1SHORT"",""1MEDIUM"",""1LONG"",""2SHORT"",""2MEDIUM"",""2LONG""]" 0.1972216345702626 nan nan nan nan 0.1972216345702626 0.10340982570693871
"HIP 75187" 230.4703369140625 20.977441787719727 11.41 1.9911582265600723e-10 324.34118580400127 3.909781004956826 1.2423108360309731 4.960717044717187 0.49248089846230575 159.72383492968348 "HIP 75187 3" Neptunian 23.11245193037023 3.5060820067140774 200.0 3.2653569629624277 M9V 0.5556942067722133 3763.6701294642344 0.25056391548903784 5.3850664424542325 5.68 None 6.338773936136981 10.740467728934002 3.4548258299006234 1.6828295281698724 0.26440175300399354 5.830641296494718 6.187859926188102 5.42477865904384 5.602436252865639 6.60294112160768 5.85810220270467 5.820426141936811 5.439189682324787 5.373364204500018 31.304769479724747 33.832534919352874 31.416121534583684 31.655280812640918 34.53255481170824 31.73482841792499 21.465354771122094 21.687610557445623 24.018663547018804 24.02016697792094 31.16601729398552 32.00583182952907 35.43153622460488 32.053132617463625 31.179626100681777 32.9075501247216 31.426831603568345 31.291406808998914 33.78529026060322 31.406482283810107 31.289235204555727 39.00453722065761 31.29012600753724 23.02603769698617 20.351277812969876 [0.0002757634398438159,1.9710207863665045e-05,0.0002938762967621729,0.00041813306613217493,0.00045156204593924364,0.0003385778922519542] "[""1SHORT"",""1MEDIUM"",""1LONG"",""2SHORT"",""2MEDIUM"",""2LONG""]" 0.00045156204593924364 nan nan nan nan 0.0002938762967621729 0.00045156204593924364
"HIP 101382" 308.2156982421875 41.897377014160156 22.05 1.4757797261849172e-10 385.5668760360756 8.606702715726012 1.4144684072032203 10.002898644233168 0.24019260484019803 26.37695838980099 "HIP 101382 1" Neptunian 117.62590161952966 6.391392355291592 200.0 3.4504670895980305 G9V 0.9621363112246476 5280.671926994783 0.9438135481595058 4.471531818188091 4.970000000000001 None -20.243576943785403 16.76097562393046 4.1046866376176885 1.640021639125324 0.2844866480937084 5.027046614926273 5.264798561016647 4.948828448334196 4.9567071461622865 5.51806266367057 5.025542788635803 5.021008459356513 4.954695368771687 4.926807576492184 30.694801257470324 33.95928262171476 30.749869195189376 30.908722991930727 34.65930251407012 30.943592657304553 21.591789761027115 21.81435825980751 24.144237725371358 24.146914680282833 30.665784086917096 31.090418352702798 35.558283926966766 31.10828929183324 30.609214172560012 33.034297827083485 30.73226022368367 30.687232726184707 33.91203796296511 30.74440514061253 30.715813675107206 39.13128492301949 30.716281011158447 23.152785399348055 20.478025515331765 [0.00020099386490938343,1.3375066607339115e-05,0.00021863860296901047,0.00028558737508905044,0.00028884921251531403,0.00023222651783463263] "[""1SHORT"",""1MEDIUM"",""1LONG"",""2SHORT"",""2MEDIUM"",""2LONG""]" 0.00028884921251531403 nan nan nan nan 0.00021863860296901047 0.00028884921251531403
"HIP 43726" 133.57579040527344 -5.43453311920166 17.39 9.054082789968259e-12 434.5077767522768 7.9648374320288395 1.8925540299219616 6.344302836446157 0.30007064285067164 50.45521885394462 "HIP 43726 5" Neptunian 59.78881341870408 4.021280145939668 200.0 3.5590463570564834 G4V 1.0684183479003257 5742.128942309952 1.0399433640471514 4.432789588837748 4.45 None -22.696972912110873 7.392194539930442 9.426149968656498 1.32445532487361 0.44975052812250993 4.490252547510608 4.669937866577189 4.436372211027312 4.437014848991054 4.8524085914440676 4.490017759228307 4.486202846265172 4.439461873098479 4.4245805433259155 29.719322015115406 34.44989330878383 29.733327361707005 29.857143607629375 35.149913201139185 29.865466610025795 22.079843307751958 22.304968946876574 24.627002191135983 24.637525367351895 29.66620322212956 29.959096150398892 36.04889461403583 29.96308274440406 29.684334352365404 33.52490851415255 29.71638891048282 29.715329465968633 34.40264865003417 29.729907838991778 29.71697037240269 39.62189561008856 29.717088888659934 23.64339608641712 20.968636202400827 [9.012375495147254e-05,5.874712281380813e-06,9.607257842940564e-05,0.0001359061176977028,0.00013871690484261096,0.00010881865072246091] "[""1SHORT"",""1MEDIUM"",""1LONG"",""2SHORT"",""2MEDIUM"",""2LONG""]" 0.00013871690484261096 nan nan nan nan 9.607257842940564e-05 0.00013871690484261096
"HIP 6379" 20.496675491333008 76.71036529541016 16.81 4.623163480526092e-14 1648.7548224754787 29.137459534003426 1.884489039693134 27.093454713456932 0.08920467615016718 118.99580121865387 "HIP 6379 4" Terran 0.14735507389537095 0.7495442343634333 200.0 2.409925640848451 K0V 0.9113698988085231 5191.846537978043 0.7141344870837054 4.690202294502457 5.16 None 27.947948792905095 19.976533498938128 4.777990286008808 1.2975121342533358 0.4649228425757915 5.2170466149262715 5.454798561016646 5.138828448334195 5.146707146162286 5.708062663670569 5.215542788635802 5.211008459356511 5.144695368771686 5.1168075764921825 36.799546261843815 38.02406927506723 37.22425534808592 37.13286960076377 38.724089167422584 37.41797881020109 25.65734881807832 25.87914491315997 28.211410075205055 28.21170133363529 37.140170239813635 37.42838374852438 39.62307058031923 37.58267544472978 36.398958988702425 37.09908448043595 37.20664637658021 36.7803795431534 37.97682461631757 37.21879129350907 37.18637472848469 43.19607157637195 37.190667164054986 27.217572052700515 24.54281216868423 [0.0012412715815207287,3.567731343250533e-05,0.0010459441863317053,0.0023848061017260115,0.001296083980766033,0.0010312250027808703] "[""1SHORT"",""1MEDIUM"",""1LONG"",""2SHORT"",""2MEDIUM"",""2LONG""]" 0.0023848061017260115 nan nan nan nan 0.0012412715815207287 0.0023848061017260115
