sim_data/Simulated_table/Simulated_Pull_NIRCam_BT-Settl+PICASO.ecsv
# %ECSV 1.0
# ---
# datatype:
# - {name: StarName, datatype: string}
# - {name: RA, datatype: float64}
# - {name: Dec, datatype: float64}
# - {name: Distance, unit: pc, datatype: float64}
# - {name: Flux Ratio, datatype: float64}
# - {name: AngSep, unit: mas, datatype: float64}
# - {name: ProjAU, unit: AU, datatype: float64}
# - {name: Phase, unit: rad, datatype: float64}
# - {name: SMA, unit: AU, datatype: float64}
# - {name: Ecc, datatype: float64}
# - {name: Inc, unit: deg, datatype: float64}
# - {name: PlanetName, datatype: string}
# - {name: PlanetType, datatype: string}
# - {name: PlanetMass, unit: earthMass, datatype: float64}
# - {name: PlanetRadius, unit: earthRad, datatype: float64}
# - {name: PlanetTeq, unit: K, datatype: float64}
# - {name: PlanetLogg, unit: dex(cm / s2), datatype: float64}
# - {name: StarSpT, datatype: string}
# - {name: StarMass, unit: solMass, datatype: float64}
# - {name: StarTeff, unit: K, datatype: float64}
# - {name: StarRad, unit: solRad, datatype: float64}
# - {name: StarLogg, unit: dex(cm / s2), datatype: float64}
# - {name: StarKmag, datatype: float64}
# - {name: DiscoveryMethod, datatype: string}
# - {name: StarRadialVelocity, unit: km / s, datatype: float64}
# - {name: StarVsini, unit: km / s, datatype: float64}
# - {name: DeltaRadialVelocity, unit: km / s, datatype: float64}
# - {name: alpha, datatype: float64}
# - {name: g_alpha, datatype: float64}
# - {name: StarINSTRUmag(HARMONI), datatype: float64}
# - {name: StarINSTRUmag(ERIS), datatype: float64}
# - {name: StarINSTRUmag(MIRIMRS), datatype: float64}
# - {name: StarINSTRUmag(NIRCam), datatype: float64}
# - {name: StarJmag, datatype: float64}
# - {name: StarHmag, datatype: float64}
# - {name: StarHKmag, datatype: float64}
# - {name: StarCHANNEL1mag, datatype: float64}
# - {name: StarCHANNEL2mag, datatype: float64}
# - {name: PlanetINSTRUmag(HARMONI)(thermal+reflected), datatype: float64}
# - {name: PlanetINSTRUmag(HARMONI)(thermal), datatype: float64}
# - {name: PlanetINSTRUmag(HARMONI)(reflected), datatype: float64}
# - {name: PlanetINSTRUmag(ERIS)(thermal+reflected), datatype: float64}
# - {name: PlanetINSTRUmag(ERIS)(thermal), datatype: float64}
# - {name: PlanetINSTRUmag(ERIS)(reflected), datatype: float64}
# - {name: PlanetINSTRUmag(MIRIMRS)(thermal+reflected), datatype: float64}
# - {name: PlanetINSTRUmag(MIRIMRS)(thermal), datatype: float64}
# - {name: PlanetINSTRUmag(NIRCam)(thermal+reflected), datatype: float64}
# - {name: PlanetINSTRUmag(NIRCam)(thermal), datatype: float64}
# - {name: PlanetINSTRUmag(NIRCam)(reflected), datatype: float64}
# - {name: PlanetJmag(thermal+reflected), datatype: float64}
# - {name: PlanetJmag(thermal), datatype: float64}
# - {name: PlanetJmag(reflected), datatype: float64}
# - {name: PlanetHmag(thermal+reflected), datatype: float64}
# - {name: PlanetHmag(thermal), datatype: float64}
# - {name: PlanetHmag(reflected), datatype: float64}
# - {name: PlanetHKmag(thermal+reflected), datatype: float64}
# - {name: PlanetHKmag(thermal), datatype: float64}
# - {name: PlanetHKmag(reflected), datatype: float64}
# - {name: PlanetKmag(thermal+reflected), datatype: float64}
# - {name: PlanetKmag(thermal), datatype: float64}
# - {name: PlanetKmag(reflected), datatype: float64}
# - {name: PlanetCHANNEL1mag(thermal), datatype: float64}
[...]
#     StarTeff:
#       __class__: astropy.units.quantity.Quantity
#       unit: *id002
#       value: !astropy.table.SerializedColumn {name: StarTeff}
#     StarVsini:
#       __class__: astropy.units.quantity.Quantity
#       unit: !astropy.units.Unit {unit: km / s}
#       value: !astropy.table.SerializedColumn {name: StarVsini}
# schema: astropy-2.0
StarName RA Dec Distance "Flux Ratio" AngSep ProjAU Phase SMA Ecc Inc PlanetName PlanetType PlanetMass PlanetRadius PlanetTeq PlanetLogg StarSpT StarMass StarTeff StarRad StarLogg StarKmag DiscoveryMethod StarRadialVelocity StarVsini DeltaRadialVelocity alpha g_alpha StarINSTRUmag(HARMONI) StarINSTRUmag(ERIS) StarINSTRUmag(MIRIMRS) StarINSTRUmag(NIRCam) StarJmag StarHmag StarHKmag StarCHANNEL1mag StarCHANNEL2mag PlanetINSTRUmag(HARMONI)(thermal+reflected) PlanetINSTRUmag(HARMONI)(thermal) PlanetINSTRUmag(HARMONI)(reflected) PlanetINSTRUmag(ERIS)(thermal+reflected) PlanetINSTRUmag(ERIS)(thermal) PlanetINSTRUmag(ERIS)(reflected) PlanetINSTRUmag(MIRIMRS)(thermal+reflected) PlanetINSTRUmag(MIRIMRS)(thermal) PlanetINSTRUmag(NIRCam)(thermal+reflected) PlanetINSTRUmag(NIRCam)(thermal) PlanetINSTRUmag(NIRCam)(reflected) PlanetJmag(thermal+reflected) PlanetJmag(thermal) PlanetJmag(reflected) PlanetHmag(thermal+reflected) PlanetHmag(thermal) PlanetHmag(reflected) PlanetHKmag(thermal+reflected) PlanetHKmag(thermal) PlanetHKmag(reflected) PlanetKmag(thermal+reflected) PlanetKmag(thermal) PlanetKmag(reflected) PlanetCHANNEL1mag(thermal) PlanetCHANNEL2mag(thermal) SNR_band name_band SNR_INSTRU SNR_J SNR_H SNR_HK SNR_K SNR_CHANNEL1 SNR_CHANNEL2
[from data line 656]
"HIP 105199" 319.64410400390625 62.58545684814453 15.04 2.558125109837022e-11 287.7548704753034 4.965703412106634 1.058344283330559 5.532103232937718 0.3958842691691656 74.6477833669946 "HIP 105199 4" Terran 0.7212361822464166 1.3541815301033444 358.38932846724384 2.585878815622457 A7V 1.9581053532226735 7865.81550424399 2.4695414051644655 3.944671057855999 1.9600000000000002 None 10.211588783213962 9.812412922343833 17.087788305193563 2.063284265342075 0.11819287861871396 1.9770711642433354 2.0170882449398153 1.9640736702883819 1.9627843876779476 2.0552647562782616 1.9817950783901055 1.9765262637986527 1.963559352716775 1.965788575235306 28.329039923262926 28.44630473332199 30.803536202910497 28.017491030327314 28.106176826868108 30.781207730638606 20.707943408084848 20.84145024181735 24.04149972246682 24.047429132671244 30.918877030102287 27.643108262070278 27.709373105701637 30.712175033367117 27.732435168723665 27.799964135860296 30.78161018723698 28.289573524970073 28.40277180709684 30.800392170441576 28.49756093609045 28.628856573034582 30.85623234554236 22.148725390790585 19.513544156917245 [8.948607043953452e-07,3.14184400752038e-05,0.000650980780473393,0.00020714627427067717,0.0005139406143156854] "[""F250M"",""F300M"",""F410M"",""F356W"",""F444W""]" 0.000650980780473393 nan nan nan nan nan nan
"HIP 103820" 315.5757751464844 -52.29159164428711 29.54 9.798354157818675e-13 347.91884660343203 10.279715575157567 1.5501407996324539 7.995828684726613 0.35846837898808165 98.69018508348546 "HIP 103820 1" Terran 0.3203688439443532 1.017323848217636 200.0 2.4818869052443544 K5V 0.7639960329450245 4625.809668053836 0.5766216694549452 4.7993768124974325 6.789999999999999 None -9.118402130404924 12.644171210910866 9.101072236163944 1.591214690886386 0.30816775981433236 6.869788958812947 7.182590474103774 6.756144418568827 6.777085102940184 7.5378278372410845 6.86763913993 6.861252532034781 6.765114268038675 6.722856131709679 35.913329086784984 38.58497337494637 36.01022411624757 36.21709417133856 39.284993267301736 36.28343254243549 26.217853654397775 26.440013717127574 28.771162731108433 28.77260543351444 35.90383866226399 36.50782819573143 40.18397468019838 36.545215287835255 35.780953196729975 37.6599885803151 35.992675567578786 35.90190890563446 38.537728716196725 36.00220915862564 35.952397493511434 43.7569756762511 35.953217952974434 27.77845684008845 25.10369115391784 [3.2032680016013724e-08,4.3832706499558835e-08,5.318328233554819e-05,9.624734762173769e-06,0.00014554183363773491] "[""F250M"",""F300M"",""F410M"",""F356W"",""F444W""]" 0.00014554183363773491 nan nan nan nan nan nan
"HIP 55042" 169.0120391845703 -57.550533294677734 12.67 1.3503570878738045e-11 1363.9163916573298 24.972358135164278 0.7642530264365054 21.567015480652472 0.15925936077190883 87.24414795165467 "HIP 55042 11" Neptunian 96.99874949303222 4.0511597684125356 200.0 3.762762475151452 M5V 0.46128847021335884 4068.520901170092 0.11823865998010294 5.956521228685124 6.89 None 23.037882290167403 8.746256086419223 4.352301020482208 2.376133892419749 0.04485708017425278 7.018628355528179 7.378937888647245 6.7159084966883 6.8379708693249865 7.800864702513528 7.0343243471011165 7.008311711842259 6.729188215241912 6.667864079527092 33.70954539873356 33.74620326598641 37.40671557708537 34.3946828895936 34.446223158341766 37.72929518577967 21.379575163060167 21.601243608167607 23.933911363421572 23.933835324554472 37.207653905689895 35.25917134627587 35.34520457123841 38.05454921528299 32.80542671673573 32.82121847135513 37.406547855997374 33.66352432400695 33.69895860723675 37.396944950469496 37.08065265209905 38.91820556729114 37.3015180417936 22.939686731128482 20.26492104495787 [1.4719143357993188e-06,2.609794119377652e-07,0.055988431445021476,0.010088746151517154,0.17115537387011687] "[""F250M"",""F300M"",""F410M"",""F356W"",""F444W""]" 0.17115537387011687 nan nan nan nan nan nan
"HIP 78843" 241.41786193847656 -20.449186325073242 18.71 2.7373050162581344e-09 129.65933882674864 2.5441553524348377 1.8768529416780766 2.3368302563284553 0.10001630573944548 77.67539911489862 "HIP 78843 12" Neptunian 21.22625901204081 7.999906806010801 200.0 2.511858685820733 K4V 0.8338332544351215 4603.148560514078 0.9137340137573092 4.437507255051729 4.85 None -14.313758343707839 5.60096901762657 17.3824047268305 1.2720136008839198 0.4793808460451289 4.9297889588129475 5.242590474103775 4.816144418568827 4.837085102940183 5.597827837241085 4.927639139929999 4.921252532034781 4.825114268038676 4.782856131709679 26.43885938663788 33.11516134575709 26.44118034658359 26.712821682991965 33.815181238112444 26.71438877277151 20.727214799675394 20.970201687938285 23.23830600774578 23.302793404325154 26.334794892600012 26.97529984531851 34.71416265100909 26.976171518171277 26.418285701821127 32.19017655112581 26.423631797914805 26.43075912946992 33.06791668700743 26.433165388961655 26.384155367420203 38.28716364706182 26.384174183310456 22.30864481089916 19.63387912472855 [3.6939655292749324e-06,4.55950388842637e-06,0.00010641345594946125,2.5342310440369858e-05,0.0002935931979438718] "[""F250M"",""F300M"",""F410M"",""F356W"",""F444W""]" 0.0002935931979438718 nan nan nan nan nan nan
"HIP 96998" 295.7200012207031 -45.080841064453125 27.23 4.143473369025909e-12 576.1923256488031 16.387161264187633 1.8635958418329872 17.26752867644908 0.05278236374030114 80.32081703363147 "HIP 96998 7" Neptunian 17.648932190901117 3.1536128012742726 200.0 3.2402567767751025 M1V 0.6412709718300368 4034.024071541386 0.5181155868888407 4.816255893192396 6.449999999999999 None 14.081193419749113 16.191053709197305 5.658352310224607 1.282285509152498 0.4735457480849344 6.578628355528179 6.938937888647246 6.2759084966883 6.397970869324986 7.360864702513528 6.594324347101116 6.568311711842259 6.2891882152419125 6.227864079527094 34.22209472107455 35.95141340452271 34.468943911848605 34.611527087818494 36.651433296878075 34.7915235205429 23.584574271049767 23.80645374670391 26.13852003014541 26.139045463090778 34.26988224045313 35.007092417298004 37.55041470977472 35.11677755004622 33.9596116974755 35.02642860989143 34.46877619076061 34.20459776660769 35.90416874577306 34.45917328523273 34.36160137546581 41.12341570582744 34.36374637655683 25.144896869664784 22.47013118349418 [6.418198525525653e-07,6.488659545959636e-07,0.002499323232113984,0.0003971237940640747,0.0071278905024471225] "[""F250M"",""F300M"",""F410M"",""F356W"",""F444W""]" 0.0071278905024471225 nan nan nan nan nan nan
"HIP 106557" 323.70794677734375 51.536346435546875 17.9 1.2132959088465766e-11 229.37576233268206 5.037737849888354 0.9527531055766637 9.032023972552349 0.4426454049660764 127.78383149589074 "HIP 106557 3" Neptunian 2.9012656812990443 1.1583426212211205 200.0 3.3260685097768645 M5V 0.5293451272744533 3415.7978708585397 0.22841503709047228 5.44435716472004 7.27 None -10.168335019833187 16.5724919616636 5.6987675126663895 2.0464827631557494 0.12333691231557156 7.455111789467583 7.800595859656073 6.870883174260256 7.156402986297628 8.192042319027244 7.484821478938062 7.444783799802341 6.8882277000761105 6.810752575215285 36.628656227307566 37.2152970194228 37.57718161489338 37.14574706606422 37.915316911778156 37.88158912188631 24.848620048553446 25.070337361603997 27.402885201225597 27.402929077990862 37.248168574026856 37.69635036752385 38.81429832467481 38.176034807125355 36.00314150379426 36.29031222479152 37.58752432181116 36.59693739002359 37.168052360673144 37.567508225145694 37.41074568839328 42.38729932072752 37.42189713598405 26.408780484564872 23.734014798394263 [3.530749586016536e-09,3.926740649035391e-09,6.503576340102381e-05,1.0946487136355784e-05,0.0001701905332265344] "[""F250M"",""F300M"",""F410M"",""F356W"",""F444W""]" 0.0001701905332265344 nan nan nan nan nan nan
"HIP 16711" 53.75243377685547 -48.41988754272461 13.61 2.7090751824183735e-11 659.7097833836586 16.869708728915302 0.5612384141847151 22.22509500309795 0.3616152398802655 120.090488428724 "HIP 16711 2" Neptunian 82.28358995640426 3.951077331954895 200.0 3.7130372533851443 K5V 0.6417911307681643 4086.001398951493 0.48765995062335693 4.869227157668535 5.34 None 18.532278179139155 18.566577118596864 4.380116537458805 2.3927903686657275 0.04209988322355987 5.468628355528179 5.828937888647245 5.165908496688299 5.287970869324986 6.250864702513526 5.484324347101116 5.45831171184226 5.179188215241912 5.117864079527092 33.80798504726285 33.95593002337535 36.04517793789543 34.45197883751648 34.655949915730716 36.36775754658973 21.589295852337123 21.810970365556553 24.143620822671235 24.14356208194342 35.846116266499955 35.22864302578444 35.55493132862736 36.69301157609305 32.965343993329206 33.03094522874407 36.045010216807434 33.76544279492237 33.9086853646257 36.03540731127956 35.88384106229896 39.12793232468009 35.93998040260366 23.14941348851743 20.47464780234682 [2.5098427257611986e-07,1.4877492256164517e-07,0.012882791801358845,0.0018577507536516004,0.03589216961005922] "[""F250M"",""F300M"",""F410M"",""F356W"",""F444W""]" 0.03589216961005922 nan nan nan nan nan nan
"HIP 118278" 359.8671569824219 -20.03402328491211 25.09 6.325558053754338e-13 450.2742604299189 11.644058127620266 1.8154257743690778 12.168448250868456 0.05698568527264684 97.45787732432198 "HIP 118278 8" Terran 0.20010523730014898 0.855347835270096 200.0 2.4281280162216077 G8V 0.9730639269057603 5468.4090187676065 0.8368250394453963 4.580939666821786 5.71 None 21.58510774228747 18.216360613248625 8.351352462520259 1.3282780475555214 0.4476073989414628 5.761369404126077 5.97802690021879 5.6899081169545145 5.695609831436961 6.204726517340509 5.760667426531034 5.756066698576554 5.694943478165026 5.670936254219687 35.70710319128521 38.60700655063065 35.78494972162148 35.907797123303 39.307026442986015 35.956291955219996 26.239775700207126 26.46204689281185 28.79285286948364 28.794638609198717 35.70536214117714 36.071410829847146 40.20600785588265 36.09577486426232 35.596028664356666 37.68202175599938 35.76791910002799 35.699397972674326 38.559761891880996 35.7802418636817 35.75657347931364 43.77900885193539 35.7572447294919 27.800490015772723 25.125724329602118 [5.176397603259564e-08,7.173549148379623e-08,8.80382711632205e-05,1.3377856779363923e-05,0.00023293139557093017] "[""F250M"",""F300M"",""F410M"",""F356W"",""F444W""]" 0.00023293139557093017 nan nan nan nan nan nan
"HIP 44263" 135.21031188964844 5.2420501708984375 20.94 4.167816577297459e-12 611.5375017165311 15.80758823477294 2.1972842314594994 13.164296804161507 0.5030011760765073 86.54408347814916 "HIP 44263 1" Neptunian 94.88948867433889 4.519769338086332 200.0 3.658140645160526 M4V 0.4850225042090728 3854.6800562527155 0.14718243741423345 5.788117535325445 8.03 None 28.87282575843944 19.71675873732739 5.708372254882439 0.9456239532639653 0.6671853208122744 8.180641296494716 8.537859926188101 7.7747786590438395 7.952436252865639 8.95294112160768 8.20810220270467 8.170426141936812 7.789189682324786 7.723364204500019 33.70325921894231 34.5995190758024 34.328961192962346 34.17282362323921 35.299538968157755 34.647668076303646 22.232816068934305 22.454559417983596 24.787024165483942 24.78715113437046 34.07885695236418 34.66342611141454 36.1985203810544 34.96597227584229 33.20437086561362 33.67453428117112 34.339671261947004 33.67698743499539 34.55227441705274 34.319321942188765 34.196553290664966 39.77152137710712 34.2029656659159 23.79300254094447 21.11823685477386 [1.8955118061898855e-06,1.8315211431071072e-06,0.01892072427537299,0.0029722667670439456,0.0530777803044194] "[""F250M"",""F300M"",""F410M"",""F356W"",""F444W""]" 0.0530777803044194 nan nan nan nan nan nan
"HIP 79777" 244.2213134765625 -49.85667419433594 28.65 4.528134078595726e-12 1228.7405561560076 41.44068218250833 2.1265760345980826 36.65486410937381 0.20669023945733977 72.68098809201608 "HIP 79777 1" Jovian 931.7843614447071 13.837625951009514 200.0 3.6783473254096877 G6V 1.0334181412810326 5404.26756361682 0.9047048699500293 4.539329852274835 5.869999999999999 None 28.468335738655384 12.021025894928032 4.780818715699299 1.0429369268839084 0.6114571186565194 5.921369404126075 6.138026900218789 5.849908116954513 5.85560983143696 6.364726517340507 5.9206674265310335 5.916066698576553 5.854943478165026 5.8309362542196865 31.561174781603448 32.850532244151495 31.95616578989395 31.868307575060832 33.55055213650685 32.12750802349247 20.483803559928838 20.70557258633269 23.037929142077758 23.038164302719558 31.87657820944961 32.130494286498525 34.4495335494035 32.26699093253479 31.179745064023624 31.925547449520217 31.93913516830046 31.543316966820548 32.80328758540184 31.95145793195418 31.924504369507346 38.022534545456224 31.928460797764377 22.044015709293564 19.369250023122955 [2.2774071426620158e-05,1.5388728387711954e-05,0.09393050200934937,0.01331565635215092,0.28739596003377527] "[""F250M"",""F300M"",""F410M"",""F356W"",""F444W""]" 0.28739596003377527 nan nan nan nan nan nan
"HIP 97640" 297.66961669921875 34.94956970214844 28.41 5.4416673058605265e-11 158.46998708173064 4.717112869574283 1.8738641236709317 3.5648923160783896 0.32386703563995356 105.15278481468737 "HIP 97640 3" Neptunian 4.044872069166325 2.2071371563410116 200.0 2.910401228278557 G5V 0.9251522967577547 5341.708650122388 0.7708445871660522 4.630347204320861 5.879999999999999 None -26.26353940441368 0.8402346342662059 14.645735401727947 1.2785822353880933 0.47564782252269056 5.931369404126076 6.148026900218789 5.859908116954513 5.865609831436959 6.374726517340507 5.930667426531033 5.9260666985765535 5.864943478165026 5.840936254219685 31.158672990140786 36.81842660560541 31.164602355436806 31.332297101179453 37.51844649796077 31.33594458903531 24.44362195015623 24.673466947786608 26.981066036369064 27.006058664173477 31.08501477499246 31.473613815138258 38.41742791085741 31.47542749807764 31.13393700549492 35.89344181097413 31.147571733843314 31.153728893381633 36.771181946855755 31.159894497497028 31.136847897874873 41.99042890691014 31.136897363307227 26.011910070747483 23.33714438457687 [1.6507443768338926e-07,2.075833290712669e-07,1.3549977491239361e-05,2.8543518332161817e-06,3.4477115913093985e-05] "[""F250M"",""F300M"",""F410M"",""F356W"",""F444W""]" 3.4477115913093985e-05 nan nan nan nan nan nan
