sim_data/Simulated_table/Simulated_Pull_ERIS_BT-Settl+PICASO.ecsv
# %ECSV 1.0
# ---
# datatype:
# - {name: StarName, datatype: string}
# - {name: RA, datatype: float64}
# - {name: Dec, datatype: float64}
# - {name: Distance, unit: pc, datatype: float64}
# - {name: Flux Ratio, datatype: float64}
# - {name: AngSep, unit: mas, datatype: float64}
# - {name: ProjAU, unit: AU, datatype: float64}
# - {name: Phase, unit: rad, datatype: float64}
# - {name: SMA, unit: AU, datatype: float64}
# - {name: Ecc, datatype: float64}
# - {name: Inc, unit: deg, datatype: float64}
# - {name: PlanetName, datatype: string}
# - {name: PlanetType, datatype: string}
# - {name: PlanetMass, unit: earthMass, datatype: float64}
# - {name: PlanetRadius, unit: earthRad, datatype: float64}
# - {name: PlanetTeq, unit: K, datatype: float64}
# - {name: PlanetLogg, unit: dex(cm / s2), datatype: float64}
# - {name: StarSpT, datatype: string}
# - {name: StarMass, unit: solMass, datatype: float64}
# - {name: StarTeff, unit: K, datatype: float64}
# - {name: StarRad, unit: solRad, datatype: float64}
# - {name: StarLogg, unit: dex(cm / s2), datatype: float64}
# - {name: StarKmag, datatype: float64}
# - {name: DiscoveryMethod, datatype: string}
# - {name: StarRadialVelocity, unit: km / s, datatype: float64}
# - {name: StarVsini, unit: km / s, datatype: float64}
# - {name: DeltaRadialVelocity, unit: km / s, datatype: float64}
# - {name: alpha, datatype: float64}
# - {name: g_alpha, datatype: float64}
# - {name: StarINSTRUmag(HARMONI), datatype: float64}
# - {name: StarINSTRUmag(ERIS), datatype: float64}
# - {name: StarINSTRUmag(MIRIMRS), datatype: float64}
# - {name: StarINSTRUmag(NIRCam), datatype: float64}
# - {name: StarJmag, datatype: float64}
# - {name: StarHmag, datatype: float64}
# - {name: StarHKmag, datatype: float64}
# - {name: StarCHANNEL1mag, datatype: float64}
# - {name: StarCHANNEL2mag, datatype: float64}
# - {name: PlanetINSTRUmag(HARMONI)(thermal+reflected), datatype: float64}
# - {name: PlanetINSTRUmag(HARMONI)(thermal), datatype: float64}
# - {name: PlanetINSTRUmag(HARMONI)(reflected), datatype: float64}
# - {name: PlanetINSTRUmag(ERIS)(thermal+reflected), datatype: float64}
# - {name: PlanetINSTRUmag(ERIS)(thermal), datatype: float64}
# - {name: PlanetINSTRUmag(ERIS)(reflected), datatype: float64}
# - {name: PlanetINSTRUmag(MIRIMRS)(thermal+reflected), datatype: float64}
# - {name: PlanetINSTRUmag(MIRIMRS)(thermal), datatype: float64}
# - {name: PlanetINSTRUmag(NIRCam)(thermal+reflected), datatype: float64}
# - {name: PlanetINSTRUmag(NIRCam)(thermal), datatype: float64}
# - {name: PlanetINSTRUmag(NIRCam)(reflected), datatype: float64}
# - {name: PlanetJmag(thermal+reflected), datatype: float64}
# - {name: PlanetJmag(thermal), datatype: float64}
# - {name: PlanetJmag(reflected), datatype: float64}
# - {name: PlanetHmag(thermal+reflected), datatype: float64}
# - {name: PlanetHmag(thermal), datatype: float64}
# - {name: PlanetHmag(reflected), datatype: float64}
# - {name: PlanetHKmag(thermal+reflected), datatype: float64}
# - {name: PlanetHKmag(thermal), datatype: float64}
# - {name: PlanetHKmag(reflected), datatype: float64}
# - {name: PlanetKmag(thermal+reflected), datatype: float64}
# - {name: PlanetKmag(thermal), datatype: float64}
# - {name: PlanetKmag(reflected), datatype: float64}
# - {name: PlanetCHANNEL1mag(thermal), datatype: float64}
[...]
#     StarTeff:
#       __class__: astropy.units.quantity.Quantity
#       unit: *id002
#       value: !astropy.table.SerializedColumn {name: StarTeff}
#     StarVsini:
#       __class__: astropy.units.quantity.Quantity
#       unit: !astropy.units.Unit {unit: km / s}
#       value: !astropy.table.SerializedColumn {name: StarVsini}
# schema: astropy-2.0
StarName RA Dec Distance "Flux Ratio" AngSep ProjAU Phase SMA Ecc Inc PlanetName PlanetType PlanetMass PlanetRadius PlanetTeq PlanetLogg StarSpT StarMass StarTeff StarRad StarLogg StarKmag DiscoveryMethod StarRadialVelocity StarVsini DeltaRadialVelocity alpha g_alpha StarINSTRUmag(HARMONI) StarINSTRUmag(ERIS) StarINSTRUmag(MIRIMRS) StarINSTRUmag(NIRCam) StarJmag StarHmag StarHKmag StarCHANNEL1mag StarCHANNEL2mag PlanetINSTRUmag(HARMONI)(thermal+reflected) PlanetINSTRUmag(HARMONI)(thermal) PlanetINSTRUmag(HARMONI)(reflected) PlanetINSTRUmag(ERIS)(thermal+reflected) PlanetINSTRUmag(ERIS)(thermal) PlanetINSTRUmag(ERIS)(reflected) PlanetINSTRUmag(MIRIMRS)(thermal+reflected) PlanetINSTRUmag(MIRIMRS)(thermal) PlanetINSTRUmag(NIRCam)(thermal+reflected) PlanetINSTRUmag(NIRCam)(thermal) PlanetINSTRUmag(NIRCam)(reflected) PlanetJmag(thermal+reflected) PlanetJmag(thermal) PlanetJmag(reflected) PlanetHmag(thermal+reflected) PlanetHmag(thermal) PlanetHmag(reflected) PlanetHKmag(thermal+reflected) PlanetHKmag(thermal) PlanetHKmag(reflected) PlanetKmag(thermal+reflected) PlanetKmag(thermal) PlanetKmag(reflected) PlanetCHANNEL1mag(thermal) PlanetCHANNEL2mag(thermal) SNR_band name_band SNR_INSTRU SNR_J SNR_H SNR_HK SNR_K SNR_CHANNEL1 SNR_CHANNEL2
[from data line 331]
"HIP 24205" 77.94309997558594 4.403872966766357 28.37 3.5670569070211656e-11 538.7693162259641 15.32511633418878 1.643271234793243 16.080705957253638 0.380493951872532 51.85971701945574 "HIP 24205 1" Neptunian 19.7633109985713 7.200785705809255 200.0 2.572255013622158 G2V 1.122772712414065 6006.976021238379 0.9826605615459237 4.5035524238695865 5.57 None 12.84957598313271 4.135064472265411 6.1900939907961465 1.51381379459865 0.3473020943278694 5.604824203950798 5.767039682285927 5.5632299743896105 5.560156243582503 5.92977469214229 5.604453835971017 5.601319429274087 5.565175739594698 5.555678933336118 31.766556620123172 34.247614293120066 31.883075595297008 31.927809604529607 34.94763418547542 31.996744693814954 21.88059814737866 22.102654635301263 24.434044748410543 24.435246351688132 31.82455353387479 32.042257419765875 35.84661559837207 32.07574146985288 31.612626529733625 33.32262949848879 31.865868410997567 31.76067349396756 34.20036963437041 31.88021170312392 31.871899136579493 39.419616594424795 31.872330453892594 23.441097758262135 20.766332072091526 [3.034112661952745e-06,1.6981924434121363e-05,3.4316101104985707e-06,1.730172220962943e-06,2.645016959250875e-06,2.428870776982932e-06,1.6193051753410987e-05,1.6273189168848153e-05,2.6935816576014508e-06,2.584175331472716e-06,2.8951295921175015e-06,2.728075845554187e-06] "[""J_low"",""H_low"",""K_low"",""J_short"",""J_middle"",""J_long"",""H_short"",""H_middle"",""H_long"",""K_short"",""K_middle"",""K_long""]" 1.6981924434121363e-05 3.034112661952745e-06 1.6981924434121363e-05 nan 3.4316101104985707e-06 nan nan
"HIP 59816 A" 183.9938201904297 5.640322208404541 28.99 1.0670714955056656e-11 246.01864061244956 14.889207145988731 0.4995266551489209 15.005095647040523 0.1193517267251856 75.21424800949517 "HIP 59816 A" Neptunian 2.8203473852790863 2.057589036363206 200.0 2.8147404117823176 K8V 0.7626783582537385 4269.855325050131 0.6372031032821133 4.711853285897773 6.469999999999999 None 4.344501141341077 10.548825731941333 6.492657866771709 2.584398859027175 0.017791149441857477 6.579004196184865 6.932314477303516 6.3667729725928 6.440074000119978 7.345904563211927 6.58551542388916 6.569029062475406 6.3783544288557845 6.324330905142088 36.797910552073596 37.01466493802272 38.65387638966898 37.41699241531758 37.714684830378076 38.96952722035261 24.648027636527104 24.869705280203917 27.20226411137126 27.202296996590785 38.49908949056244 38.14284150390077 38.61366624327473 39.28697516137718 35.99104739389392 36.08968014339144 38.644955492336905 36.75781191680248 36.967420279273064 38.64442821990262 38.53013815691315 42.18666723932745 38.56774713099284 26.20814840316479 23.533382716994183 [2.0041699292639584e-07,1.5708161356635513e-06,8.608514829110842e-09,7.35811077187034e-09,1.476448629506984e-07,1.5034430957313827e-07,1.2812941767444445e-06,1.3019421060166364e-06,2.7423700323048336e-08,5.8441223110074895e-09,6.523614293306746e-09,5.781645020282089e-09] "[""J_low"",""H_low"",""K_low"",""J_short"",""J_middle"",""J_long"",""H_short"",""H_middle"",""H_long"",""K_short"",""K_middle"",""K_long""]" 1.5708161356635513e-06 2.0041699292639584e-07 1.5708161356635513e-06 nan 8.608514829110842e-09 nan nan
"HIP 114954" 349.2501220703125 -23.395706176757812 21.34 3.018285894653228e-11 621.4299430935386 14.914421320325237 1.0955073946782958 16.688434407849567 0.10970882538364188 111.4580490078257 "HIP 114954 1" Neptunian 42.20227347561403 5.480738384968101 200.0 3.1388127850892653 K7V 0.5932446787801984 3950.392766032684 0.28626605138358713 5.2977617835258 7.25 None -27.02396572337652 1.3075091174423537 5.2269898208113075 2.0107277886761445 0.1346995143094801 7.378628355528179 7.738937888647246 7.0759084966883 7.197970869324987 8.160864702513528 7.394324347101117 7.36831171184226 7.089188215241913 7.027864079527094 33.89561024266311 34.22199376171483 35.35970723057835 34.48400312675832 34.92201365407019 35.68228683927265 21.85534846471269 22.077034103896025 24.409571457015442 24.409625820282894 35.160645559182875 35.15481492853353 35.82099506696684 36.00754086877597 33.145470491914665 33.297008967083556 35.359539509490354 33.858464211022685 34.17474910296518 35.349936603962476 35.23124902395281 39.39399606301956 35.25450969528658 23.4154772268569 20.740711540686295 [3.596898748905572e-06,3.0303682450045068e-05,2.3005771641750202e-07,1.2353818405575272e-07,2.2826364893775684e-06,2.34034490940541e-06,2.0641706211619295e-05,2.115367365719511e-05,4.630672211078892e-07,1.3386283666100657e-07,1.5784000248271158e-07,1.400373012919069e-07] "[""J_low"",""H_low"",""K_low"",""J_short"",""J_middle"",""J_long"",""H_short"",""H_middle"",""H_long"",""K_short"",""K_middle"",""K_long""]" 3.0303682450045068e-05 3.596898748905572e-06 3.0303682450045068e-05 nan 2.3005771641750202e-07 nan nan
"HIP 54922 A" 168.7014923095703 -23.104032516479492 23.05 1.2193737107867417e-11 867.3689707118489 21.621599698336016 1.1801692505911194 18.516969992591246 0.16784749071902125 22.66020539058369 "HIP 54922 A" Neptunian 101.98824374469496 4.7639234344468795 200.0 3.643775649370124 K4V 0.7735805244802448 4493.257891951655 0.5577045983172363 4.833764704203064 6.029999999999999 None 29.71602873961971 2.6313042474862924 2.3458847258854205 1.7180244270572393 0.24839268060679934 6.118841607436897 6.459971657808566 5.9912950519639505 6.021397159504744 6.857281901483754 6.116337571274354 6.109361762632128 6.001333766756339 5.954161616773699 33.5164214222141 34.69374783114388 33.96447145818796 33.93875618209415 35.393767723499245 34.26765848584815 22.327030647620745 22.54878817332508 24.88110004014822 24.881379889711948 33.85323917635609 34.36660475973584 36.29274913639589 34.569648720529145 33.1008883494943 33.7687630365126 33.946814702848826 33.49572723563925 34.64650317239423 33.955501387995746 33.89420562183678 39.86575013244861 33.898199364573365 23.887231296285954 21.21246561011535 [1.932082402801628e-06,1.3908699088653355e-05,6.112095681809973e-07,1.8676761392054992e-07,1.3643166860740542e-06,1.3915154992564574e-06,1.1905290610440911e-05,1.2129205145531407e-05,4.904998326245237e-07,4.027768462061401e-07,4.6806208876137846e-07,4.3652631240232135e-07] "[""J_low"",""H_low"",""K_low"",""J_short"",""J_middle"",""J_long"",""H_short"",""H_middle"",""H_long"",""K_short"",""K_middle"",""K_long""]" 1.3908699088653355e-05 1.932082402801628e-06 1.3908699088653355e-05 nan 6.112095681809973e-07 nan nan
"HIP 15919" 51.24943923950195 -5.361886978149414 15.39 4.7465003205774434e-11 426.5517130451768 8.316603799698031 2.231858842932549 7.157682072189678 0.5512456073186325 136.16784805387593 "HIP 15919 3" Jovian 160.27482188738355 8.462575173451516 200.0 3.341015305750394 K4V 0.7544482438886139 4368.44640044032 0.6783293118495538 4.652815911023554 5.1 None 9.226953766239454 14.343879172051215 6.6990015322362995 1.1316201412190143 0.5601395991536908 5.1888416074368955 5.5299716578085665 5.061295051963951 5.091397159504744 5.927281901483754 5.186337571274354 5.179361762632128 5.071333766756339 5.024161616773699 28.805449107087348 32.568897448362 28.839901326714006 29.120062534518574 33.268917340717366 29.143088354374203 20.200831065359157 20.423937790543203 22.752103795818822 22.75652950693007 28.728669044882146 29.430994390677327 34.16789875361401 29.4450785890552 28.742874718903096 31.64391265373073 28.822244571374878 28.797231953070916 32.521652789612354 28.8309312565218 28.77380022168296 37.74089974966674 28.773629233099417 21.762380913504078 19.08761522733347 [2.5157529519987855e-05,7.479533903938315e-05,4.535918680564794e-05,1.805893857248883e-05,2.3011849303072274e-05,1.992712569447731e-05,6.989591070136356e-05,7.152970598895688e-05,3.563907357940527e-05,3.819938868526273e-05,4.448542226412717e-05,4.211906988078151e-05] "[""J_low"",""H_low"",""K_low"",""J_short"",""J_middle"",""J_long"",""H_short"",""H_middle"",""H_long"",""K_short"",""K_middle"",""K_long""]" 7.479533903938315e-05 2.5157529519987855e-05 7.479533903938315e-05 nan 4.535918680564794e-05 nan nan
"HIP 44376" 135.58132934570312 8.468978881835938 19.51 6.743532742786576e-12 327.33516225275133 7.084384300810597 2.018455495944028 10.98284530666817 0.3587984033927414 94.09587914287751 "HIP 44376 2" Neptunian 25.444006545485124 1.9695360146933603 200.0 3.808012727241267 K5V 0.5153241872654644 3854.6800562527155 0.18413510035172784 5.619874988629317 7.300000000000001 None -15.409784936348101 5.919548172936667 6.435725326218823 1.1243631916560883 0.5643423158339997 7.4506412964947195 7.807859926188103 7.044778659043841 7.2224362528656405 8.22294112160768 7.478102202704671 7.440426141936812 7.059189682324788 6.99336420450002 34.84358821009897 36.249683760653674 35.19106858991896 35.25459960062618 36.94970365300904 35.50977547326026 23.882898888695323 24.10472410283488 26.43688511536139 26.437315819221748 34.940964349320794 35.670578848673095 37.848685065905684 35.8280796727989 34.50784292920892 35.3246989660224 35.20177865890362 34.82448396232559 36.20243910190403 35.18142933914538 35.06242783750726 41.42168606195841 35.065073062872514 25.44316722579575 22.768401539625142 [5.664961455956389e-07,4.596542110703708e-06,2.533286579639112e-07,6.809645170356159e-08,3.6130522930936047e-07,3.673645952525082e-07,3.1447849045488878e-06,3.2236841662642333e-06,1.6785023032697044e-07,1.4625322543629497e-07,1.8000245431264177e-07,1.6421249309203768e-07] "[""J_low"",""H_low"",""K_low"",""J_short"",""J_middle"",""J_long"",""H_short"",""H_middle"",""H_long"",""K_short"",""K_middle"",""K_long""]" 4.596542110703708e-06 5.664961455956389e-07 4.596542110703708e-06 nan 2.533286579639112e-07 nan nan
"HIP 5410" 17.301286697387695 -24.68920135498047 22.58 4.722458847947769e-11 84.35620003442692 2.71865330307581 2.365316241750135 2.4145219892104848 0.2805046766735555 60.64651502755555 "HIP 5410 11" Neptunian 5.5835492518451275 2.204606140103004 200.0 3.0514034080262364 M2V 0.4752709902866917 3748.9340370997115 0.17732269640760154 5.617480280519991 7.48 None 25.751118500358707 2.8888553834849073 11.518053043335447 0.8996053976808951 0.6930930654031474 7.630641296494719 7.987859926188103 7.224778659043841 7.402436252865642 8.40294112160768 7.65810220270467 7.620426141936813 7.239189682324788 7.173364204500022 31.599583065888286 36.32218167177424 31.613692307485376 31.923280575186954 37.022201564129595 31.93239919082668 23.95099014508898 24.177222013955436 26.49746160137471 26.509813730342305 31.36358806688721 32.245025017729 37.92118297702625 32.25070339036532 31.58920880902949 35.39719687714296 31.624402376470037 31.59072921920696 36.274937013024584 31.604053056711795 31.488052469005908 41.49418397307897 31.48769678043893 25.51566513691631 22.8408994507457 [7.153141019870199e-07,1.522215558440833e-06,1.3702190691745562e-06,5.814915786558992e-07,6.619503331685175e-07,5.352367558404545e-07,1.3598324931201672e-06,1.4085104392425365e-06,1.040615918343426e-06,1.1393869802879245e-06,1.3575269356535479e-06,1.3096422844507498e-06] "[""J_low"",""H_low"",""K_low"",""J_short"",""J_middle"",""J_long"",""H_short"",""H_middle"",""H_long"",""K_short"",""K_middle"",""K_long""]" 1.522215558440833e-06 7.153141019870199e-07 1.522215558440833e-06 nan 1.3702190691745562e-06 nan nan
"HIP 15725" 50.64719009399414 -30.189144134521484 29.15 1.431457758298867e-10 188.3820192529159 6.344349381656037 1.0462425694803719 7.013652336304894 0.09679451943394657 87.20143473012648 "HIP 15725 3" Neptunian 80.57136462354231 5.466078969339379 200.0 3.421983997787969 K4V 0.7531521696721973 4603.148560514078 0.5961898300008323 4.764181231997763 6.699999999999999 None -16.463779649935326 7.678133675709797 9.75020740374241 2.094660131467507 0.1089212892751983 6.779788958812947 7.092590474103773 6.666144418568827 6.687085102940182 7.4478278372410855 6.77763913993 6.77125253203478 6.6751142680386755 6.632856131709679 32.922967895390485 34.905030333894665 33.113730573358325 33.25518201435502 35.60505022625002 33.38693899954625 22.53816424502354 22.760070676075866 25.09192158890384 25.09266239246273 33.007345119374754 33.57232214032092 36.504031639146675 33.648721744946016 32.69689720835676 33.980045539263386 33.09618202468954 32.9102448359454 34.85778567514501 33.10571561573639 33.05555190558886 40.077032635199394 33.056724410085195 24.09851379903674 21.423748112866132 [1.188555227836132e-06,8.42377560977233e-06,9.67338140958482e-07,3.4386187598897633e-07,9.57283810774959e-07,9.491502697820976e-07,7.320310280232118e-06,7.408146156794372e-06,7.179902911064673e-07,6.99471139350608e-07,8.14606979169144e-07,7.676392431341123e-07] "[""J_low"",""H_low"",""K_low"",""J_short"",""J_middle"",""J_long"",""H_short"",""H_middle"",""H_long"",""K_short"",""K_middle"",""K_long""]" 8.42377560977233e-06 1.188555227836132e-06 8.42377560977233e-06 nan 9.67338140958482e-07 nan nan
"HIP 15099" 48.69579315185547 8.981776237487793 22.65 3.4092878569028782e-12 851.0563887708121 20.012975771284907 1.298650987284178 18.67313573096596 0.18056731798603798 16.370671371717254 "HIP 15099 7" Neptunian 4.996571554388327 2.0959265963227933 200.0 3.0470750557749233 K0V 0.8540050034644066 5050.64469616304 0.7607300256413192 4.607066926486848 5.72 None 9.994273085045172 8.941377639308572 1.795300323701904 1.6466299266952509 0.2813433598133656 5.783321967774066 6.0447248596861805 5.696249188315776 5.7073429317736855 6.328837655971742 5.78099466093372 5.77649258677827 5.703031979941899 5.670868142114324 34.96996869905603 36.43867773534909 35.294739480193726 35.29448664041637 37.138697627704445 35.51353531690768 24.07192151839559 24.29371807753029 26.62590788087823 26.62630979391716 35.205089391460426 35.58615538779126 38.0376790406011 35.70755432421657 34.63528749986139 35.51369294071782 35.27654768618924 34.9544625314238 36.391433076599434 35.28846629387018 35.25212684511659 41.61068003665382 35.254678128103414 25.632161200491165 22.957395514320552 [3.2487781425935804e-07,2.4016797984796362e-06,1.594106602478566e-07,6.079512875961439e-08,2.636781966570649e-07,2.669977945819202e-07,2.2309352655483924e-06,2.269664624674914e-06,1.2788550355217687e-07,1.1494811908873188e-07,1.3055385990852961e-07,1.21840617157003e-07] "[""J_low"",""H_low"",""K_low"",""J_short"",""J_middle"",""J_long"",""H_short"",""H_middle"",""H_long"",""K_short"",""K_middle"",""K_long""]" 2.4016797984796362e-06 3.2487781425935804e-07 2.4016797984796362e-06 nan 1.594106602478566e-07 nan nan
